Bulgaria, Life tables (period 1x10), Total	Last modified: 27 Sep 2019;  Methods Protocol: v6 (2017)

  Year          Age         mx       qx    ax      lx      dx      Lx       Tx     ex
1947-1949        0      0.13427  0.12283  0.31  100000   12283   91474  5599682  56.00
1947-1949        1      0.02639  0.02605  0.50   87717    2285   86575  5508208  62.79
1947-1949        2      0.01192  0.01185  0.50   85433    1012   84927  5421633  63.46
1947-1949        3      0.00617  0.00615  0.50   84420     520   84161  5336706  63.22
1947-1949        4      0.00446  0.00445  0.50   83901     373   83714  5252546  62.60
1947-1949        5      0.00338  0.00337  0.50   83528     282   83387  5168831  61.88
1947-1949        6      0.00266  0.00266  0.50   83246     222   83135  5085445  61.09
1947-1949        7      0.00247  0.00247  0.50   83024     205   82922  5002309  60.25
1947-1949        8      0.00213  0.00212  0.50   82820     176   82732  4919387  59.40
1947-1949        9      0.00188  0.00188  0.50   82644     155   82566  4836656  58.52
1947-1949       10      0.00177  0.00177  0.50   82489     146   82416  4754089  57.63
1947-1949       11      0.00171  0.00171  0.50   82343     141   82272  4671674  56.73
1947-1949       12      0.00178  0.00178  0.50   82202     147   82129  4589401  55.83
1947-1949       13      0.00188  0.00188  0.50   82056     154   81978  4507273  54.93
1947-1949       14      0.00209  0.00209  0.50   81901     171   81816  4425294  54.03
1947-1949       15      0.00240  0.00239  0.50   81730     196   81632  4343479  53.14
1947-1949       16      0.00281  0.00281  0.50   81535     229   81420  4261846  52.27
1947-1949       17      0.00354  0.00353  0.50   81305     287   81162  4180426  51.42
1947-1949       18      0.00364  0.00364  0.50   81018     295   80871  4099264  50.60
1947-1949       19      0.00437  0.00436  0.50   80724     352   80548  4018393  49.78
1947-1949       20      0.00482  0.00481  0.50   80372     386   80179  3937845  49.00
1947-1949       21      0.00497  0.00495  0.50   79986     396   79788  3857666  48.23
1947-1949       22      0.00497  0.00495  0.50   79589     394   79392  3777879  47.47
1947-1949       23      0.00454  0.00453  0.50   79195     359   79016  3698487  46.70
1947-1949       24      0.00440  0.00439  0.50   78837     346   78664  3619471  45.91
1947-1949       25      0.00436  0.00435  0.50   78491     342   78320  3540807  45.11
1947-1949       26      0.00424  0.00424  0.50   78149     331   77984  3462487  44.31
1947-1949       27      0.00410  0.00409  0.50   77818     319   77659  3384503  43.49
1947-1949       28      0.00412  0.00411  0.50   77499     319   77340  3306845  42.67
1947-1949       29      0.00361  0.00361  0.50   77181     278   77042  3229505  41.84
1947-1949       30      0.00401  0.00401  0.50   76902     308   76748  3152463  40.99
1947-1949       31      0.00382  0.00381  0.50   76594     292   76448  3075715  40.16
1947-1949       32      0.00407  0.00407  0.50   76302     310   76147  2999266  39.31
1947-1949       33      0.00378  0.00377  0.50   75992     287   75849  2923119  38.47
1947-1949       34      0.00367  0.00366  0.50   75706     277   75567  2847270  37.61
1947-1949       35      0.00422  0.00421  0.50   75428     317   75270  2771703  36.75
1947-1949       36      0.00397  0.00397  0.50   75111     298   74962  2696433  35.90
1947-1949       37      0.00399  0.00398  0.50   74813     298   74664  2621471  35.04
1947-1949       38      0.00435  0.00435  0.50   74515     324   74353  2546807  34.18
1947-1949       39      0.00420  0.00419  0.50   74191     311   74036  2472454  33.33
1947-1949       40      0.00496  0.00495  0.50   73880     365   73698  2398418  32.46
1947-1949       41      0.00457  0.00456  0.50   73515     335   73347  2324721  31.62
1947-1949       42      0.00488  0.00486  0.50   73180     356   73002  2251373  30.76
1947-1949       43      0.00516  0.00515  0.50   72824     375   72636  2178371  29.91
1947-1949       44      0.00518  0.00516  0.50   72449     374   72262  2105735  29.07
1947-1949       45      0.00615  0.00614  0.50   72075     442   71854  2033473  28.21
1947-1949       46      0.00604  0.00603  0.50   71632     432   71417  1961620  27.38
1947-1949       47      0.00631  0.00629  0.50   71201     448   70977  1890203  26.55
1947-1949       48      0.00685  0.00683  0.50   70753     483   70511  1819226  25.71
1947-1949       49      0.00739  0.00736  0.50   70270     517   70011  1748715  24.89
1947-1949       50      0.00905  0.00901  0.50   69752     628   69438  1678704  24.07
1947-1949       51      0.00884  0.00880  0.50   69124     609   68820  1609266  23.28
1947-1949       52      0.00976  0.00971  0.50   68515     666   68183  1540446  22.48
1947-1949       53      0.01072  0.01066  0.50   67850     723   67488  1472264  21.70
1947-1949       54      0.01120  0.01114  0.50   67127     748   66753  1404775  20.93
1947-1949       55      0.01333  0.01324  0.50   66379     879   65939  1338023  20.16
1947-1949       56      0.01298  0.01289  0.50   65500     845   65078  1272083  19.42
1947-1949       57      0.01360  0.01351  0.50   64655     873   64219  1207006  18.67
1947-1949       58      0.01502  0.01490  0.50   63782     951   63307  1142787  17.92
1947-1949       59      0.01669  0.01655  0.50   62831    1040   62312  1079480  17.18
1947-1949       60      0.02142  0.02120  0.50   61792    1310   61137  1017169  16.46
1947-1949       61      0.02038  0.02017  0.50   60482    1220   59872   956032  15.81
1947-1949       62      0.02387  0.02359  0.50   59262    1398   58563   896160  15.12
1947-1949       63      0.02453  0.02424  0.50   57864    1402   57163   837597  14.48
1947-1949       64      0.02542  0.02510  0.50   56462    1417   55753   780434  13.82
1947-1949       65      0.02900  0.02858  0.50   55045    1573   54258   724680  13.17
1947-1949       66      0.02993  0.02949  0.50   53471    1577   52683   670422  12.54
1947-1949       67      0.03428  0.03370  0.50   51894    1749   51020   617740  11.90
1947-1949       68      0.03712  0.03644  0.50   50145    1828   49232   566720  11.30
1947-1949       69      0.04268  0.04179  0.50   48318    2019   47308   517488  10.71
1947-1949       70      0.05330  0.05191  0.50   46299    2403   45097   470180  10.16
1947-1949       71      0.05071  0.04945  0.50   43895    2171   42810   425082   9.68
1947-1949       72      0.06142  0.05959  0.50   41725    2486   40482   382272   9.16
1947-1949       73      0.06339  0.06144  0.50   39238    2411   38033   341791   8.71
1947-1949       74      0.07215  0.06964  0.50   36828    2565   35545   303758   8.25
1947-1949       75      0.08447  0.08105  0.50   34263    2777   32874   268212   7.83
1947-1949       76      0.08608  0.08253  0.50   31486    2598   30187   235338   7.47
1947-1949       77      0.09115  0.08717  0.50   28887    2518   27628   205151   7.10
1947-1949       78      0.10357  0.09847  0.50   26369    2597   25071   177523   6.73
1947-1949       79      0.11029  0.10452  0.50   23773    2485   22530   152452   6.41
1947-1949       80      0.13345  0.12511  0.50   21288    2663   19956   129922   6.10
1947-1949       81      0.12511  0.11775  0.50   18625    2193   17528   109965   5.90
1947-1949       82      0.14269  0.13319  0.50   16432    2188   15337    92437   5.63
1947-1949       83      0.14064  0.13140  0.50   14243    1871   13307    77100   5.41
1947-1949       84      0.15556  0.14434  0.50   12372    1786   11479    63792   5.16
1947-1949       85      0.18220  0.16699  0.50   10586    1768    9702    52313   4.94
1947-1949       86      0.17267  0.15895  0.50    8818    1402    8117    42611   4.83
1947-1949       87      0.17481  0.16076  0.50    7417    1192    6820    34494   4.65
1947-1949       88      0.18960  0.17318  0.50    6224    1078    5685    27673   4.45
1947-1949       89      0.18775  0.17164  0.50    5146     883    4705    21988   4.27
1947-1949       90      0.24957  0.22189  0.50    4263     946    3790    17283   4.05
1947-1949       91      0.19857  0.18064  0.50    3317     599    3018    13493   4.07
1947-1949       92      0.22780  0.20451  0.50    2718     556    2440    10476   3.85
1947-1949       93      0.21734  0.19604  0.50    2162     424    1950     8036   3.72
1947-1949       94      0.24403  0.21749  0.50    1738     378    1549     6085   3.50
1947-1949       95      0.26736  0.23584  0.50    1360     321    1200     4536   3.34
1947-1949       96      0.27965  0.24535  0.50    1039     255     912     3336   3.21
1947-1949       97      0.29228  0.25502  0.50     784     200     684     2425   3.09
1947-1949       98      0.30525  0.26483  0.50     584     155     507     1740   2.98
1947-1949       99      0.31853  0.27477  0.50     430     118     371     1233   2.87
1947-1949      100      0.33211  0.28482  0.50     312      89     267      863   2.77
1947-1949      101      0.34598  0.29496  0.50     223      66     190      595   2.67
1947-1949      102      0.36012  0.30517  0.50     157      48     133      405   2.58
1947-1949      103      0.37450  0.31544  0.50     109      34      92      272   2.49
1947-1949      104      0.38911  0.32574  0.50      75      24      63      180   2.41
1947-1949      105      0.40393  0.33606  0.50      50      17      42      118   2.34
1947-1949      106      0.41892  0.34637  0.50      33      12      28       76   2.27
1947-1949      107      0.43406  0.35666  0.50      22       8      18       48   2.21
1947-1949      108      0.44933  0.36690  0.50      14       5      11       30   2.15
1947-1949      109      0.46469  0.37708  0.50       9       3       7       19   2.11
1947-1949      110+     0.48012  1.00000  2.08       6       6      12       12   2.08
1950-1959        0      0.08413  0.07949  0.31  100000    7949   94482  6405727  64.06
1950-1959        1      0.01427  0.01417  0.50   92051    1304   91399  6311245  68.56
1950-1959        2      0.00547  0.00546  0.50   90747     495   90499  6219846  68.54
1950-1959        3      0.00302  0.00301  0.50   90252     272   90116  6129347  67.91
1950-1959        4      0.00195  0.00195  0.50   89980     175   89892  6039231  67.12
1950-1959        5      0.00143  0.00143  0.50   89804     128   89740  5949339  66.25
1950-1959        6      0.00117  0.00116  0.50   89676     104   89624  5859599  65.34
1950-1959        7      0.00099  0.00099  0.50   89572      89   89528  5769975  64.42
1950-1959        8      0.00091  0.00091  0.50   89483      81   89443  5680447  63.48
1950-1959        9      0.00091  0.00091  0.50   89402      81   89361  5591005  62.54
1950-1959       10      0.00089  0.00089  0.50   89320      80   89281  5501644  61.59
1950-1959       11      0.00082  0.00082  0.50   89241      73   89204  5412363  60.65
1950-1959       12      0.00084  0.00084  0.50   89168      75   89130  5323159  59.70
1950-1959       13      0.00092  0.00092  0.50   89093      82   89052  5234028  58.75
1950-1959       14      0.00100  0.00100  0.50   89011      89   88967  5144976  57.80
1950-1959       15      0.00120  0.00120  0.50   88922     107   88869  5056009  56.86
1950-1959       16      0.00130  0.00130  0.50   88815     116   88757  4967141  55.93
1950-1959       17      0.00160  0.00160  0.50   88700     142   88629  4878383  55.00
1950-1959       18      0.00182  0.00182  0.50   88557     161   88477  4789755  54.09
1950-1959       19      0.00188  0.00188  0.50   88396     166   88313  4701278  53.18
1950-1959       20      0.00216  0.00216  0.50   88230     191   88134  4612965  52.28
1950-1959       21      0.00215  0.00215  0.50   88039     189   87945  4524831  51.40
1950-1959       22      0.00219  0.00219  0.50   87850     192   87754  4436886  50.51
1950-1959       23      0.00206  0.00206  0.50   87658     181   87567  4349132  49.61
1950-1959       24      0.00218  0.00218  0.50   87477     190   87382  4261564  48.72
1950-1959       25      0.00220  0.00220  0.50   87287     192   87191  4174182  47.82
1950-1959       26      0.00215  0.00215  0.50   87095     187   87001  4086992  46.93
1950-1959       27      0.00210  0.00209  0.50   86908     182   86817  3999991  46.03
1950-1959       28      0.00213  0.00213  0.50   86726     185   86633  3913174  45.12
1950-1959       29      0.00205  0.00205  0.50   86541     177   86453  3826541  44.22
1950-1959       30      0.00215  0.00215  0.50   86364     185   86271  3740088  43.31
1950-1959       31      0.00202  0.00202  0.50   86179     174   86092  3653816  42.40
1950-1959       32      0.00206  0.00206  0.50   86005     177   85916  3567725  41.48
1950-1959       33      0.00204  0.00204  0.50   85828     175   85740  3481808  40.57
1950-1959       34      0.00223  0.00223  0.50   85653     191   85557  3396068  39.65
1950-1959       35      0.00226  0.00225  0.50   85462     193   85365  3310511  38.74
1950-1959       36      0.00247  0.00247  0.50   85269     211   85164  3225145  37.82
1950-1959       37      0.00251  0.00251  0.50   85059     213   84952  3139981  36.92
1950-1959       38      0.00274  0.00274  0.50   84845     233   84729  3055029  36.01
1950-1959       39      0.00269  0.00269  0.50   84613     228   84499  2970301  35.10
1950-1959       40      0.00335  0.00334  0.50   84385     282   84244  2885802  34.20
1950-1959       41      0.00308  0.00307  0.50   84103     259   83974  2801558  33.31
1950-1959       42      0.00337  0.00336  0.50   83845     282   83704  2717584  32.41
1950-1959       43      0.00343  0.00343  0.50   83563     286   83419  2633880  31.52
1950-1959       44      0.00380  0.00379  0.50   83276     316   83118  2550461  30.63
1950-1959       45      0.00417  0.00416  0.50   82961     345   82788  2467342  29.74
1950-1959       46      0.00442  0.00441  0.50   82616     364   82433  2384554  28.86
1950-1959       47      0.00476  0.00475  0.50   82251     391   82056  2302121  27.99
1950-1959       48      0.00506  0.00505  0.50   81860     413   81654  2220065  27.12
1950-1959       49      0.00560  0.00558  0.50   81447     455   81220  2138411  26.26
1950-1959       50      0.00647  0.00645  0.50   80992     523   80731  2057191  25.40
1950-1959       51      0.00663  0.00661  0.50   80470     532   80204  1976460  24.56
1950-1959       52      0.00720  0.00718  0.50   79938     574   79651  1896257  23.72
1950-1959       53      0.00799  0.00796  0.50   79364     632   79048  1816606  22.89
1950-1959       54      0.00889  0.00885  0.50   78732     697   78384  1737557  22.07
1950-1959       55      0.00978  0.00973  0.50   78035     759   77656  1659174  21.26
1950-1959       56      0.01096  0.01090  0.50   77276     842   76855  1581518  20.47
1950-1959       57      0.01140  0.01134  0.50   76434     866   76001  1504663  19.69
1950-1959       58      0.01279  0.01271  0.50   75568     961   75087  1428662  18.91
1950-1959       59      0.01372  0.01362  0.50   74607    1017   74099  1353575  18.14
1950-1959       60      0.01687  0.01672  0.50   73590    1231   72975  1279476  17.39
1950-1959       61      0.01690  0.01676  0.50   72360    1213   71753  1206501  16.67
1950-1959       62      0.01919  0.01901  0.50   71147    1353   70471  1134748  15.95
1950-1959       63      0.02099  0.02077  0.50   69794    1450   69070  1064277  15.25
1950-1959       64      0.02378  0.02350  0.50   68345    1606   67542   995208  14.56
1950-1959       65      0.02712  0.02676  0.50   66739    1786   65846   927666  13.90
1950-1959       66      0.02779  0.02741  0.50   64953    1781   64062   861820  13.27
1950-1959       67      0.03113  0.03065  0.50   63172    1936   62204   797758  12.63
1950-1959       68      0.03490  0.03430  0.50   61236    2101   60185   735554  12.01
1950-1959       69      0.03720  0.03652  0.50   59135    2159   58055   675369  11.42
1950-1959       70      0.04409  0.04314  0.50   56976    2458   55747   617313  10.83
1950-1959       71      0.04563  0.04462  0.50   54518    2432   53301   561566  10.30
1950-1959       72      0.05268  0.05133  0.50   52085    2674   50749   508265   9.76
1950-1959       73      0.05647  0.05492  0.50   49412    2713   48055   457516   9.26
1950-1959       74      0.06180  0.05995  0.50   46698    2800   45298   409461   8.77
1950-1959       75      0.07034  0.06795  0.50   43899    2983   42407   364163   8.30
1950-1959       76      0.07581  0.07305  0.50   40916    2989   39421   321756   7.86
1950-1959       77      0.08104  0.07788  0.50   37927    2954   36450   282334   7.44
1950-1959       78      0.09389  0.08968  0.50   34973    3137   33405   245884   7.03
1950-1959       79      0.10345  0.09836  0.50   31837    3132   30271   212479   6.67
1950-1959       80      0.11729  0.11079  0.50   28705    3180   27115   182208   6.35
1950-1959       81      0.11613  0.10976  0.50   25525    2802   24124   155093   6.08
1950-1959       82      0.13023  0.12227  0.50   22723    2778   21334   130969   5.76
1950-1959       83      0.13672  0.12797  0.50   19945    2552   18669   109635   5.50
1950-1959       84      0.14865  0.13836  0.50   17393    2406   16189    90966   5.23
1950-1959       85      0.16593  0.15322  0.50   14986    2296   13838    74777   4.99
1950-1959       86      0.17453  0.16052  0.50   12690    2037   11672    60939   4.80
1950-1959       87      0.17678  0.16243  0.50   10653    1730    9788    49267   4.62
1950-1959       88      0.18454  0.16895  0.50    8923    1507    8169    39479   4.42
1950-1959       89      0.19490  0.17760  0.50    7415    1317    6757    31311   4.22
1950-1959       90      0.23322  0.20887  0.50    6098    1274    5461    24554   4.03
1950-1959       91      0.21686  0.19565  0.50    4825     944    4353    19092   3.96
1950-1959       92      0.23494  0.21024  0.50    3881     816    3473    14740   3.80
1950-1959       93      0.23048  0.20666  0.50    3065     633    2748    11267   3.68
1950-1959       94      0.23122  0.20726  0.50    2431     504    2179     8519   3.50
1950-1959       95      0.26883  0.23698  0.50    1927     457    1699     6340   3.29
1950-1959       96      0.28246  0.24750  0.50    1471     364    1289     4641   3.16
1950-1959       97      0.29649  0.25821  0.50    1107     286     964     3352   3.03
1950-1959       98      0.31090  0.26907  0.50     821     221     710     2388   2.91
1950-1959       99      0.32568  0.28008  0.50     600     168     516     1678   2.80
1950-1959      100      0.34081  0.29119  0.50     432     126     369     1162   2.69
1950-1959      101      0.35626  0.30240  0.50     306      93     260      792   2.59
1950-1959      102      0.37201  0.31367  0.50     214      67     180      533   2.49
1950-1959      103      0.38802  0.32497  0.50     147      48     123      352   2.40
1950-1959      104      0.40427  0.33630  0.50      99      33      82      230   2.32
1950-1959      105      0.42073  0.34760  0.50      66      23      54      147   2.24
1950-1959      106      0.43735  0.35887  0.50      43      15      35       93   2.17
1950-1959      107      0.45410  0.37007  0.50      27      10      22       58   2.11
1950-1959      108      0.47094  0.38119  0.50      17       7      14       36   2.05
1950-1959      109      0.48785  0.39218  0.50      11       4       9       22   2.01
1950-1959      110+     0.50477  1.00000  1.98       7       7      13       13   1.98
1960-1969        0      0.03516  0.03415  0.16  100000    3415   97133  7046744  70.47
1960-1969        1      0.00367  0.00366  0.50   96585     354   96408  6949610  71.95
1960-1969        2      0.00157  0.00157  0.50   96231     151   96155  6853203  71.22
1960-1969        3      0.00110  0.00110  0.50   96080     105   96027  6757048  70.33
1960-1969        4      0.00085  0.00085  0.50   95974      82   95933  6661021  69.40
1960-1969        5      0.00072  0.00072  0.50   95892      69   95858  6565088  68.46
1960-1969        6      0.00065  0.00065  0.50   95824      62   95793  6469230  67.51
1960-1969        7      0.00059  0.00059  0.50   95762      57   95733  6373437  66.56
1960-1969        8      0.00055  0.00055  0.50   95705      53   95679  6277703  65.59
1960-1969        9      0.00048  0.00048  0.50   95652      45   95630  6182025  64.63
1960-1969       10      0.00047  0.00047  0.50   95607      45   95584  6086395  63.66
1960-1969       11      0.00046  0.00046  0.50   95562      44   95540  5990811  62.69
1960-1969       12      0.00047  0.00047  0.50   95518      45   95496  5895271  61.72
1960-1969       13      0.00049  0.00049  0.50   95473      47   95450  5799775  60.75
1960-1969       14      0.00059  0.00059  0.50   95426      56   95398  5704325  59.78
1960-1969       15      0.00066  0.00066  0.50   95370      63   95338  5608927  58.81
1960-1969       16      0.00070  0.00070  0.50   95307      67   95273  5513589  57.85
1960-1969       17      0.00079  0.00079  0.50   95240      76   95202  5418315  56.89
1960-1969       18      0.00091  0.00091  0.50   95164      86   95121  5323113  55.94
1960-1969       19      0.00095  0.00095  0.50   95078      90   95033  5227992  54.99
1960-1969       20      0.00099  0.00099  0.50   94988      94   94941  5132959  54.04
1960-1969       21      0.00096  0.00096  0.50   94894      91   94848  5038018  53.09
1960-1969       22      0.00096  0.00096  0.50   94802      91   94757  4943170  52.14
1960-1969       23      0.00100  0.00100  0.50   94711      95   94664  4848413  51.19
1960-1969       24      0.00104  0.00104  0.50   94617      99   94567  4753749  50.24
1960-1969       25      0.00113  0.00113  0.50   94518     107   94465  4659182  49.29
1960-1969       26      0.00103  0.00103  0.50   94411      97   94363  4564717  48.35
1960-1969       27      0.00112  0.00112  0.50   94314     106   94262  4470354  47.40
1960-1969       28      0.00116  0.00115  0.50   94209     109   94154  4376092  46.45
1960-1969       29      0.00122  0.00122  0.50   94100     115   94042  4281938  45.50
1960-1969       30      0.00130  0.00130  0.50   93985     122   93924  4187896  44.56
1960-1969       31      0.00123  0.00123  0.50   93863     116   93805  4093972  43.62
1960-1969       32      0.00141  0.00141  0.50   93747     132   93681  4000167  42.67
1960-1969       33      0.00145  0.00145  0.50   93615     136   93547  3906485  41.73
1960-1969       34      0.00147  0.00147  0.50   93479     137   93411  3812938  40.79
1960-1969       35      0.00164  0.00164  0.50   93342     153   93266  3719528  39.85
1960-1969       36      0.00170  0.00170  0.50   93189     159   93110  3626262  38.91
1960-1969       37      0.00178  0.00178  0.50   93030     166   92948  3533152  37.98
1960-1969       38      0.00197  0.00197  0.50   92865     183   92773  3440205  37.05
1960-1969       39      0.00203  0.00202  0.50   92682     187   92588  3347432  36.12
1960-1969       40      0.00225  0.00225  0.50   92494     208   92390  3254844  35.19
1960-1969       41      0.00235  0.00235  0.50   92286     217   92178  3162454  34.27
1960-1969       42      0.00252  0.00252  0.50   92070     232   91954  3070276  33.35
1960-1969       43      0.00274  0.00273  0.50   91838     251   91712  2978322  32.43
1960-1969       44      0.00296  0.00295  0.50   91587     270   91452  2886609  31.52
1960-1969       45      0.00333  0.00333  0.50   91317     304   91165  2795157  30.61
1960-1969       46      0.00358  0.00357  0.50   91013     325   90850  2703993  29.71
1960-1969       47      0.00385  0.00384  0.50   90688     348   90513  2613143  28.81
1960-1969       48      0.00422  0.00421  0.50   90339     381   90149  2522629  27.92
1960-1969       49      0.00456  0.00455  0.50   89959     409   89754  2432480  27.04
1960-1969       50      0.00507  0.00506  0.50   89549     453   89323  2342726  26.16
1960-1969       51      0.00543  0.00542  0.50   89097     483   88855  2253403  25.29
1960-1969       52      0.00608  0.00606  0.50   88614     537   88345  2164548  24.43
1960-1969       53      0.00673  0.00671  0.50   88076     591   87781  2076203  23.57
1960-1969       54      0.00741  0.00738  0.50   87486     646   87163  1988422  22.73
1960-1969       55      0.00799  0.00796  0.50   86840     691   86494  1901259  21.89
1960-1969       56      0.00903  0.00899  0.50   86149     775   85761  1814764  21.07
1960-1969       57      0.01005  0.01000  0.50   85374     854   84947  1729003  20.25
1960-1969       58      0.01088  0.01082  0.50   84520     915   84063  1644056  19.45
1960-1969       59      0.01209  0.01202  0.50   83606    1005   83103  1559993  18.66
1960-1969       60      0.01417  0.01407  0.50   82601    1162   82019  1476890  17.88
1960-1969       61      0.01518  0.01507  0.50   81438    1227   80825  1394870  17.13
1960-1969       62      0.01696  0.01681  0.50   80211    1349   79537  1314046  16.38
1960-1969       63      0.01886  0.01868  0.50   78862    1473   78126  1234509  15.65
1960-1969       64      0.02098  0.02076  0.50   77389    1607   76586  1156383  14.94
1960-1969       65      0.02408  0.02379  0.50   75783    1803   74881  1079797  14.25
1960-1969       66      0.02612  0.02578  0.50   73980    1907   73026  1004916  13.58
1960-1969       67      0.02915  0.02873  0.50   72072    2070   71037   931890  12.93
1960-1969       68      0.03224  0.03173  0.50   70002    2221   68891   860853  12.30
1960-1969       69      0.03485  0.03425  0.50   67781    2322   66620   791962  11.68
1960-1969       70      0.04073  0.03992  0.50   65459    2613   64152   725342  11.08
1960-1969       71      0.04256  0.04167  0.50   62846    2619   61536   661190  10.52
1960-1969       72      0.04926  0.04807  0.50   60227    2895   58779   599654   9.96
1960-1969       73      0.05419  0.05276  0.50   57332    3025   55819   540874   9.43
1960-1969       74      0.06018  0.05842  0.50   54307    3173   52720   485055   8.93
1960-1969       75      0.06565  0.06357  0.50   51134    3250   49509   432335   8.45
1960-1969       76      0.07275  0.07020  0.50   47883    3361   46203   382826   7.99
1960-1969       77      0.07978  0.07672  0.50   44522    3416   42814   336623   7.56
1960-1969       78      0.08759  0.08392  0.50   41106    3450   39382   293809   7.15
1960-1969       79      0.09619  0.09177  0.50   37657    3456   35929   254427   6.76
1960-1969       80      0.10859  0.10300  0.50   34201    3523   32440   218498   6.39
1960-1969       81      0.11598  0.10962  0.50   30678    3363   28997   186059   6.06
1960-1969       82      0.12749  0.11985  0.50   27315    3274   25678   157062   5.75
1960-1969       83      0.13718  0.12837  0.50   24041    3086   22498   131384   5.46
1960-1969       84      0.15189  0.14117  0.50   20955    2958   19476   108886   5.20
1960-1969       85      0.15989  0.14806  0.50   17997    2665   16665    89410   4.97
1960-1969       86      0.17488  0.16081  0.50   15332    2466   14100    72745   4.74
1960-1969       87      0.18194  0.16677  0.50   12867    2146   11794    58645   4.56
1960-1969       88      0.19180  0.17502  0.50   10721    1876    9783    46852   4.37
1960-1969       89      0.20461  0.18562  0.50    8845    1642    8024    37069   4.19
1960-1969       90      0.21654  0.19539  0.50    7203    1407    6499    29045   4.03
1960-1969       91      0.22475  0.20205  0.50    5796    1171    5210    22546   3.89
1960-1969       92      0.22543  0.20260  0.50    4625     937    4156    17336   3.75
1960-1969       93      0.23526  0.21050  0.50    3688     776    3300    13180   3.57
1960-1969       94      0.24154  0.21552  0.50    2911     627    2598     9880   3.39
1960-1969       95      0.27658  0.24298  0.50    2284     555    2006     7282   3.19
1960-1969       96      0.29151  0.25443  0.50    1729     440    1509     5276   3.05
1960-1969       97      0.30691  0.26608  0.50    1289     343    1118     3767   2.92
1960-1969       98      0.32274  0.27790  0.50     946     263     815     2649   2.80
1960-1969       99      0.33899  0.28986  0.50     683     198     584     1835   2.69
1960-1969      100      0.35563  0.30194  0.50     485     146     412     1250   2.58
1960-1969      101      0.37261  0.31409  0.50     339     106     285      839   2.48
1960-1969      102      0.38991  0.32629  0.50     232      76     194      553   2.38
1960-1969      103      0.40748  0.33851  0.50     156      53     130      359   2.29
1960-1969      104      0.42529  0.35071  0.50     104      36      85      229   2.21
1960-1969      105      0.44328  0.36286  0.50      67      24      55      143   2.13
1960-1969      106      0.46142  0.37492  0.50      43      16      35       88   2.06
1960-1969      107      0.47965  0.38687  0.50      27      10      22       53   2.00
1960-1969      108      0.49792  0.39867  0.50      16       7      13       32   1.94
1960-1969      109      0.51619  0.41030  0.50      10       4       8       19   1.90
1960-1969      110+     0.53441  1.00000  1.87       6       6      11       11   1.87
1970-1979        0      0.02452  0.02401  0.12  100000    2401   97894  7107353  71.07
1970-1979        1      0.00196  0.00196  0.50   97599     191   97504  7009458  71.82
1970-1979        2      0.00100  0.00100  0.50   97408      97   97360  6911955  70.96
1970-1979        3      0.00082  0.00082  0.50   97311      80   97271  6814595  70.03
1970-1979        4      0.00063  0.00063  0.50   97231      61   97200  6717324  69.09
1970-1979        5      0.00053  0.00053  0.50   97170      52   97144  6620124  68.13
1970-1979        6      0.00053  0.00053  0.50   97118      52   97092  6522980  67.17
1970-1979        7      0.00050  0.00050  0.50   97066      49   97042  6425888  66.20
1970-1979        8      0.00045  0.00045  0.50   97018      43   96996  6328846  65.23
1970-1979        9      0.00041  0.00041  0.50   96974      39   96955  6231850  64.26
1970-1979       10      0.00042  0.00042  0.50   96935      40   96915  6134895  63.29
1970-1979       11      0.00040  0.00040  0.50   96895      39   96875  6037980  62.31
1970-1979       12      0.00039  0.00039  0.50   96856      38   96837  5941105  61.34
1970-1979       13      0.00044  0.00044  0.50   96818      43   96797  5844268  60.36
1970-1979       14      0.00047  0.00047  0.50   96775      45   96753  5747471  59.39
1970-1979       15      0.00056  0.00056  0.50   96730      54   96703  5650718  58.42
1970-1979       16      0.00061  0.00061  0.50   96676      59   96646  5554016  57.45
1970-1979       17      0.00065  0.00065  0.50   96617      63   96586  5457369  56.48
1970-1979       18      0.00080  0.00080  0.50   96554      77   96516  5360784  55.52
1970-1979       19      0.00091  0.00091  0.50   96477      88   96433  5264268  54.57
1970-1979       20      0.00091  0.00091  0.50   96389      87   96345  5167835  53.61
1970-1979       21      0.00096  0.00096  0.50   96302      92   96256  5071490  52.66
1970-1979       22      0.00094  0.00094  0.50   96210      90   96165  4975234  51.71
1970-1979       23      0.00095  0.00095  0.50   96120      91   96074  4879070  50.76
1970-1979       24      0.00091  0.00091  0.50   96028      87   95985  4782996  49.81
1970-1979       25      0.00098  0.00098  0.50   95941      94   95894  4687011  48.85
1970-1979       26      0.00102  0.00102  0.50   95847      98   95799  4591117  47.90
1970-1979       27      0.00105  0.00105  0.50   95750     100   95699  4495318  46.95
1970-1979       28      0.00103  0.00103  0.50   95649      99   95600  4399619  46.00
1970-1979       29      0.00117  0.00117  0.50   95551     112   95495  4304019  45.04
1970-1979       30      0.00117  0.00117  0.50   95439     112   95383  4208524  44.10
1970-1979       31      0.00123  0.00123  0.50   95327     117   95268  4113141  43.15
1970-1979       32      0.00128  0.00128  0.50   95209     121   95149  4017873  42.20
1970-1979       33      0.00135  0.00135  0.50   95088     128   95024  3922725  41.25
1970-1979       34      0.00143  0.00143  0.50   94960     136   94892  3827701  40.31
1970-1979       35      0.00155  0.00155  0.50   94824     147   94751  3732809  39.37
1970-1979       36      0.00165  0.00164  0.50   94678     156   94600  3638058  38.43
1970-1979       37      0.00174  0.00174  0.50   94522     164   94440  3543458  37.49
1970-1979       38      0.00191  0.00191  0.50   94358     180   94268  3449018  36.55
1970-1979       39      0.00200  0.00200  0.50   94177     189   94083  3354750  35.62
1970-1979       40      0.00214  0.00213  0.50   93989     201   93889  3260667  34.69
1970-1979       41      0.00233  0.00233  0.50   93788     218   93679  3166779  33.77
1970-1979       42      0.00256  0.00255  0.50   93570     239   93451  3073100  32.84
1970-1979       43      0.00282  0.00282  0.50   93331     263   93200  2979649  31.93
1970-1979       44      0.00312  0.00311  0.50   93068     290   92923  2886449  31.01
1970-1979       45      0.00330  0.00329  0.50   92778     305   92626  2793526  30.11
1970-1979       46      0.00373  0.00373  0.50   92473     344   92301  2700901  29.21
1970-1979       47      0.00412  0.00411  0.50   92129     379   91939  2608600  28.31
1970-1979       48      0.00461  0.00460  0.50   91750     422   91539  2516661  27.43
1970-1979       49      0.00496  0.00495  0.50   91328     452   91102  2425122  26.55
1970-1979       50      0.00554  0.00552  0.50   90876     502   90625  2334020  25.68
1970-1979       51      0.00599  0.00597  0.50   90374     539   90104  2243396  24.82
1970-1979       52      0.00665  0.00663  0.50   89834     596   89537  2153292  23.97
1970-1979       53      0.00718  0.00715  0.50   89239     638   88920  2063755  23.13
1970-1979       54      0.00790  0.00787  0.50   88600     697   88252  1974836  22.29
1970-1979       55      0.00889  0.00885  0.50   87903     778   87514  1886584  21.46
1970-1979       56      0.00956  0.00951  0.50   87125     829   86711  1799070  20.65
1970-1979       57      0.01051  0.01045  0.50   86296     902   85845  1712359  19.84
1970-1979       58      0.01149  0.01142  0.50   85394     976   84906  1626514  19.05
1970-1979       59      0.01253  0.01246  0.50   84419    1052   83893  1541607  18.26
1970-1979       60      0.01393  0.01384  0.50   83367    1154   82790  1457714  17.49
1970-1979       61      0.01552  0.01541  0.50   82213    1267   81580  1374924  16.72
1970-1979       62      0.01694  0.01680  0.50   80947    1360   80267  1293344  15.98
1970-1979       63      0.01932  0.01914  0.50   79587    1523   78826  1213077  15.24
1970-1979       64      0.02120  0.02098  0.50   78064    1638   77245  1134251  14.53
1970-1979       65      0.02369  0.02341  0.50   76427    1789   75532  1057005  13.83
1970-1979       66      0.02658  0.02623  0.50   74638    1958   73659   981473  13.15
1970-1979       67      0.02945  0.02902  0.50   72680    2110   71625   907815  12.49
1970-1979       68      0.03284  0.03231  0.50   70570    2280   69430   836189  11.85
1970-1979       69      0.03703  0.03636  0.50   68290    2483   67049   766759  11.23
1970-1979       70      0.04177  0.04091  0.50   65807    2692   64461   699710  10.63
1970-1979       71      0.04561  0.04459  0.50   63115    2815   61708   635249  10.06
1970-1979       72      0.05153  0.05023  0.50   60301    3029   58786   573541   9.51
1970-1979       73      0.05693  0.05535  0.50   57272    3170   55687   514755   8.99
1970-1979       74      0.06234  0.06045  0.50   54102    3271   52466   459068   8.49
1970-1979       75      0.07026  0.06788  0.50   50831    3450   49106   406602   8.00
1970-1979       76      0.07709  0.07423  0.50   47381    3517   45622   357496   7.55
1970-1979       77      0.08587  0.08233  0.50   43863    3611   42058   311874   7.11
1970-1979       78      0.09380  0.08959  0.50   40252    3606   38449   269816   6.70
1970-1979       79      0.10546  0.10017  0.50   36646    3671   34810   231368   6.31
1970-1979       80      0.11591  0.10956  0.50   32975    3613   31168   196557   5.96
1970-1979       81      0.12672  0.11917  0.50   29362    3499   27612   165389   5.63
1970-1979       82      0.13557  0.12697  0.50   25863    3284   24221   137777   5.33
1970-1979       83      0.14905  0.13871  0.50   22579    3132   21013   113556   5.03
1970-1979       84      0.16243  0.15023  0.50   19447    2922   17986    92542   4.76
1970-1979       85      0.17473  0.16069  0.50   16526    2656   15198    74556   4.51
1970-1979       86      0.18991  0.17344  0.50   13870    2406   12667    59358   4.28
1970-1979       87      0.20370  0.18487  0.50   11464    2119   10405    46691   4.07
1970-1979       88      0.21782  0.19643  0.50    9345    1836    8427    36286   3.88
1970-1979       89      0.22969  0.20603  0.50    7509    1547    6736    27859   3.71
1970-1979       90      0.24515  0.21838  0.50    5962    1302    5311    21123   3.54
1970-1979       91      0.26630  0.23501  0.50    4660    1095    4113    15812   3.39
1970-1979       92      0.26729  0.23578  0.50    3565     841    3145    11699   3.28
1970-1979       93      0.27908  0.24491  0.50    2724     667    2391     8554   3.14
1970-1979       94      0.28346  0.24827  0.50    2057     511    1802     6164   3.00
1970-1979       95      0.31654  0.27329  0.50    1546     423    1335     4362   2.82
1970-1979       96      0.33443  0.28652  0.50    1124     322     963     3027   2.69
1970-1979       97      0.35282  0.29991  0.50     802     240     682     2064   2.57
1970-1979       98      0.37165  0.31341  0.50     561     176     473     1382   2.46
1970-1979       99      0.39087  0.32697  0.50     385     126     322      909   2.36
1970-1979      100      0.41043  0.34054  0.50     259      88     215      586   2.26
1970-1979      101      0.43026  0.35408  0.50     171      61     141      371   2.17
1970-1979      102      0.45030  0.36755  0.50     110      41      90      230   2.09
1970-1979      103      0.47049  0.38089  0.50      70      27      57      140   2.01
1970-1979      104      0.49076  0.39406  0.50      43      17      35       84   1.93
1970-1979      105      0.51103  0.40703  0.50      26      11      21       49   1.87
1970-1979      106      0.53124  0.41975  0.50      16       7      12       28   1.81
1970-1979      107      0.55132  0.43219  0.50       9       4       7       16   1.75
1970-1979      108      0.57121  0.44431  0.50       5       2       4        9   1.70
1970-1979      109      0.59083  0.45609  0.50       3       1       2        5   1.66
1970-1979      110+     0.61013  1.00000  1.64       2       2       3        3   1.64
1980-1989        0      0.01632  0.01609  0.12  100000    1609   98577  7128167  71.28
1980-1989        1      0.00172  0.00172  0.50   98391     169   98306  7029590  71.45
1980-1989        2      0.00098  0.00098  0.50   98222      97   98174  6931283  70.57
1980-1989        3      0.00079  0.00079  0.50   98125      77   98087  6833110  69.64
1980-1989        4      0.00065  0.00065  0.50   98048      64   98016  6735023  68.69
1980-1989        5      0.00052  0.00052  0.50   97985      51   97959  6637006  67.74
1980-1989        6      0.00044  0.00044  0.50   97934      43   97912  6539047  66.77
1980-1989        7      0.00044  0.00044  0.50   97891      43   97869  6441135  65.80
1980-1989        8      0.00041  0.00041  0.50   97848      40   97828  6343266  64.83
1980-1989        9      0.00039  0.00039  0.50   97808      39   97789  6245438  63.85
1980-1989       10      0.00038  0.00038  0.50   97769      37   97751  6147650  62.88
1980-1989       11      0.00035  0.00035  0.50   97732      35   97714  6049899  61.90
1980-1989       12      0.00037  0.00037  0.50   97697      36   97679  5952184  60.92
1980-1989       13      0.00039  0.00039  0.50   97661      38   97642  5854505  59.95
1980-1989       14      0.00045  0.00045  0.50   97624      44   97602  5756863  58.97
1980-1989       15      0.00052  0.00052  0.50   97579      51   97554  5659261  58.00
1980-1989       16      0.00060  0.00060  0.50   97528      58   97499  5561707  57.03
1980-1989       17      0.00070  0.00070  0.50   97470      68   97436  5464208  56.06
1980-1989       18      0.00085  0.00085  0.50   97403      83   97361  5366771  55.10
1980-1989       19      0.00087  0.00087  0.50   97320      84   97278  5269410  54.15
1980-1989       20      0.00087  0.00086  0.50   97235      84   97193  5172133  53.19
1980-1989       21      0.00088  0.00088  0.50   97151      86   97108  5074939  52.24
1980-1989       22      0.00093  0.00093  0.50   97066      90   97021  4977831  51.28
1980-1989       23      0.00096  0.00096  0.50   96976      93   96929  4880810  50.33
1980-1989       24      0.00092  0.00092  0.50   96883      89   96838  4783881  49.38
1980-1989       25      0.00093  0.00093  0.50   96794      90   96749  4687043  48.42
1980-1989       26      0.00102  0.00102  0.50   96704      98   96655  4590294  47.47
1980-1989       27      0.00103  0.00103  0.50   96606      99   96556  4493639  46.52
1980-1989       28      0.00105  0.00105  0.50   96507     101   96456  4397083  45.56
1980-1989       29      0.00114  0.00114  0.50   96406     110   96351  4300627  44.61
1980-1989       30      0.00119  0.00119  0.50   96296     114   96239  4204276  43.66
1980-1989       31      0.00122  0.00122  0.50   96181     117   96123  4108038  42.71
1980-1989       32      0.00138  0.00138  0.50   96064     132   95998  4011915  41.76
1980-1989       33      0.00142  0.00142  0.50   95932     136   95864  3915917  40.82
1980-1989       34      0.00151  0.00151  0.50   95796     145   95723  3820053  39.88
1980-1989       35      0.00167  0.00166  0.50   95651     159   95571  3724330  38.94
1980-1989       36      0.00171  0.00171  0.50   95492     163   95410  3628758  38.00
1980-1989       37      0.00189  0.00189  0.50   95328     180   95239  3533348  37.06
1980-1989       38      0.00213  0.00212  0.50   95149     202   95048  3438110  36.13
1980-1989       39      0.00240  0.00239  0.50   94946     227   94833  3343062  35.21
1980-1989       40      0.00248  0.00247  0.50   94719     234   94602  3248229  34.29
1980-1989       41      0.00272  0.00271  0.50   94485     256   94357  3153628  33.38
1980-1989       42      0.00290  0.00290  0.50   94228     273   94092  3059271  32.47
1980-1989       43      0.00325  0.00325  0.50   93955     305   93803  2965179  31.56
1980-1989       44      0.00358  0.00358  0.50   93650     335   93483  2871376  30.66
1980-1989       45      0.00391  0.00391  0.50   93316     365   93133  2777893  29.77
1980-1989       46      0.00435  0.00434  0.50   92951     404   92749  2684760  28.88
1980-1989       47      0.00468  0.00467  0.50   92547     432   92332  2592011  28.01
1980-1989       48      0.00512  0.00511  0.50   92116     471   91880  2499679  27.14
1980-1989       49      0.00558  0.00556  0.50   91645     510   91390  2407799  26.27
1980-1989       50      0.00606  0.00604  0.50   91135     551   90860  2316409  25.42
1980-1989       51      0.00674  0.00672  0.50   90584     608   90280  2225549  24.57
1980-1989       52      0.00737  0.00734  0.50   89976     660   89646  2135269  23.73
1980-1989       53      0.00813  0.00810  0.50   89315     723   88954  2045624  22.90
1980-1989       54      0.00871  0.00867  0.50   88592     768   88208  1956670  22.09
1980-1989       55      0.00971  0.00966  0.50   87824     848   87400  1868462  21.28
1980-1989       56      0.01054  0.01049  0.50   86976     912   86520  1781062  20.48
1980-1989       57      0.01163  0.01156  0.50   86063     995   85566  1694542  19.69
1980-1989       58      0.01260  0.01252  0.50   85068    1065   84536  1608977  18.91
1980-1989       59      0.01399  0.01389  0.50   84003    1167   83420  1524441  18.15
1980-1989       60      0.01558  0.01546  0.50   82836    1280   82196  1441021  17.40
1980-1989       61      0.01691  0.01677  0.50   81556    1368   80872  1358825  16.66
1980-1989       62      0.01828  0.01811  0.50   80188    1452   79462  1277953  15.94
1980-1989       63      0.02026  0.02006  0.50   78736    1579   77946  1198492  15.22
1980-1989       64      0.02179  0.02156  0.50   77157    1663   76325  1120545  14.52
1980-1989       65      0.02432  0.02403  0.50   75493    1814   74586  1044220  13.83
1980-1989       66      0.02644  0.02610  0.50   73679    1923   72718   969634  13.16
1980-1989       67      0.02965  0.02922  0.50   71757    2097   70708   896916  12.50
1980-1989       68      0.03268  0.03215  0.50   69660    2240   68540   826208  11.86
1980-1989       69      0.03640  0.03575  0.50   67420    2410   66215   757668  11.24
1980-1989       70      0.03962  0.03885  0.50   65010    2526   63747   691452  10.64
1980-1989       71      0.04499  0.04400  0.50   62484    2749   61109   627706  10.05
1980-1989       72      0.04981  0.04860  0.50   59735    2903   58283   566596   9.49
1980-1989       73      0.05552  0.05402  0.50   56832    3070   55297   508313   8.94
1980-1989       74      0.06195  0.06008  0.50   53762    3230   52147   453016   8.43
1980-1989       75      0.06741  0.06521  0.50   50531    3295   48884   400870   7.93
1980-1989       76      0.07642  0.07361  0.50   47236    3477   45498   351986   7.45
1980-1989       77      0.08368  0.08032  0.50   43759    3515   42002   306488   7.00
1980-1989       78      0.09260  0.08851  0.50   40245    3562   38464   264486   6.57
1980-1989       79      0.10187  0.09693  0.50   36683    3556   34905   226022   6.16
1980-1989       80      0.11719  0.11071  0.50   33127    3667   31293   191117   5.77
1980-1989       81      0.12849  0.12073  0.50   29460    3557   27681   159824   5.43
1980-1989       82      0.14092  0.13164  0.50   25903    3410   24198   132143   5.10
1980-1989       83      0.15536  0.14416  0.50   22493    3243   20872   107945   4.80
1980-1989       84      0.16787  0.15487  0.50   19250    2981   17760    87073   4.52
1980-1989       85      0.18052  0.16557  0.50   16269    2694   14922    69313   4.26
1980-1989       86      0.19212  0.17528  0.50   13575    2380   12386    54391   4.01
1980-1989       87      0.21881  0.19724  0.50   11196    2208   10092    42005   3.75
1980-1989       88      0.23274  0.20848  0.50    8988    1874    8051    31914   3.55
1980-1989       89      0.25227  0.22401  0.50    7114    1594    6317    23863   3.35
1980-1989       90      0.27589  0.24245  0.50    5520    1338    4851    17546   3.18
1980-1989       91      0.29000  0.25327  0.50    4182    1059    3652    12695   3.04
1980-1989       92      0.30224  0.26256  0.50    3123     820    2713     9042   2.90
1980-1989       93      0.31950  0.27549  0.50    2303     634    1986     6330   2.75
1980-1989       94      0.33144  0.28432  0.50    1668     474    1431     4344   2.60
1980-1989       95      0.36934  0.31176  0.50    1194     372    1008     2913   2.44
1980-1989       96      0.39253  0.32813  0.50     822     270     687     1905   2.32
1980-1989       97      0.41624  0.34453  0.50     552     190     457     1218   2.21
1980-1989       98      0.44036  0.36090  0.50     362     131     297      761   2.10
1980-1989       99      0.46480  0.37715  0.50     231      87     188      464   2.01
1980-1989      100      0.48944  0.39321  0.50     144      57     116      276   1.92
1980-1989      101      0.51415  0.40900  0.50      87      36      70      161   1.84
1980-1989      102      0.53882  0.42446  0.50      52      22      41       91   1.76
1980-1989      103      0.56332  0.43952  0.50      30      13      23       50   1.70
1980-1989      104      0.58754  0.45413  0.50      17       8      13       27   1.63
1980-1989      105      0.61137  0.46824  0.50       9       4       7       14   1.58
1980-1989      106      0.63470  0.48180  0.50       5       2       4        7   1.53
1980-1989      107      0.65744  0.49479  0.50       3       1       2        4   1.48
1980-1989      108      0.67949  0.50718  0.50       1       1       1        2   1.44
1980-1989      109      0.70080  0.51896  0.50       1       0       0        1   1.41
1980-1989      110+     0.72128  1.00000  1.39       0       0       0        0   1.39
1990-1999        0      0.01556  0.01535  0.12  100000    1535   98645  7100400  71.00
1990-1999        1      0.00155  0.00154  0.50   98465     152   98389  7001756  71.11
1990-1999        2      0.00090  0.00090  0.50   98313      88   98269  6903367  70.22
1990-1999        3      0.00084  0.00084  0.50   98225      83   98183  6805098  69.28
1990-1999        4      0.00067  0.00067  0.50   98142      65   98109  6706915  68.34
1990-1999        5      0.00048  0.00048  0.50   98077      47   98053  6608806  67.38
1990-1999        6      0.00043  0.00043  0.50   98029      42   98008  6510753  66.42
1990-1999        7      0.00043  0.00043  0.50   97987      42   97966  6412745  65.44
1990-1999        8      0.00038  0.00038  0.50   97945      37   97927  6314778  64.47
1990-1999        9      0.00032  0.00032  0.50   97908      31   97893  6216852  63.50
1990-1999       10      0.00034  0.00034  0.50   97877      34   97860  6118959  62.52
1990-1999       11      0.00037  0.00037  0.50   97843      37   97825  6021099  61.54
1990-1999       12      0.00032  0.00032  0.50   97807      31   97791  5923274  60.56
1990-1999       13      0.00040  0.00040  0.50   97776      39   97756  5825482  59.58
1990-1999       14      0.00043  0.00043  0.50   97737      42   97716  5727726  58.60
1990-1999       15      0.00049  0.00049  0.50   97695      48   97671  5630010  57.63
1990-1999       16      0.00059  0.00059  0.50   97647      58   97618  5532339  56.66
1990-1999       17      0.00071  0.00071  0.50   97589      69   97555  5434721  55.69
1990-1999       18      0.00082  0.00082  0.50   97520      80   97481  5337166  54.73
1990-1999       19      0.00092  0.00092  0.50   97441      90   97396  5239685  53.77
1990-1999       20      0.00094  0.00094  0.50   97351      92   97305  5142289  52.82
1990-1999       21      0.00092  0.00092  0.50   97259      90   97214  5044984  51.87
1990-1999       22      0.00094  0.00094  0.50   97170      91   97124  4947770  50.92
1990-1999       23      0.00099  0.00099  0.50   97078      96   97030  4850646  49.97
1990-1999       24      0.00096  0.00096  0.50   96982      93   96936  4753616  49.02
1990-1999       25      0.00099  0.00099  0.50   96889      96   96841  4656680  48.06
1990-1999       26      0.00105  0.00105  0.50   96793     102   96742  4559839  47.11
1990-1999       27      0.00107  0.00107  0.50   96691     104   96639  4463098  46.16
1990-1999       28      0.00117  0.00117  0.50   96587     113   96531  4366459  45.21
1990-1999       29      0.00114  0.00114  0.50   96475     110   96420  4269928  44.26
1990-1999       30      0.00120  0.00120  0.50   96364     115   96307  4173508  43.31
1990-1999       31      0.00132  0.00132  0.50   96249     127   96186  4077201  42.36
1990-1999       32      0.00151  0.00151  0.50   96122     145   96050  3981016  41.42
1990-1999       33      0.00157  0.00157  0.50   95977     150   95902  3884966  40.48
1990-1999       34      0.00168  0.00167  0.50   95826     160   95746  3789065  39.54
1990-1999       35      0.00179  0.00179  0.50   95666     171   95580  3693318  38.61
1990-1999       36      0.00196  0.00195  0.50   95495     187   95402  3597738  37.67
1990-1999       37      0.00218  0.00218  0.50   95308     208   95204  3502336  36.75
1990-1999       38      0.00245  0.00244  0.50   95101     232   94984  3407132  35.83
1990-1999       39      0.00262  0.00262  0.50   94868     249   94744  3312147  34.91
1990-1999       40      0.00292  0.00291  0.50   94619     276   94482  3217404  34.00
1990-1999       41      0.00319  0.00318  0.50   94344     300   94194  3122922  33.10
1990-1999       42      0.00348  0.00348  0.50   94044     327   93880  3028728  32.21
1990-1999       43      0.00394  0.00393  0.50   93717     368   93533  2934848  31.32
1990-1999       44      0.00420  0.00420  0.50   93349     392   93153  2841315  30.44
1990-1999       45      0.00468  0.00467  0.50   92957     434   92740  2748162  29.56
1990-1999       46      0.00503  0.00502  0.50   92523     464   92291  2655422  28.70
1990-1999       47      0.00569  0.00567  0.50   92059     522   91798  2563130  27.84
1990-1999       48      0.00614  0.00612  0.50   91537     560   91257  2471332  27.00
1990-1999       49      0.00679  0.00677  0.50   90976     616   90668  2380076  26.16
1990-1999       50      0.00718  0.00716  0.50   90360     647   90037  2289407  25.34
1990-1999       51      0.00794  0.00791  0.50   89714     710   89359  2199370  24.52
1990-1999       52      0.00839  0.00836  0.50   89004     744   88632  2110012  23.71
1990-1999       53      0.00921  0.00916  0.50   88260     809   87856  2021379  22.90
1990-1999       54      0.00984  0.00979  0.50   87451     856   87023  1933524  22.11
1990-1999       55      0.01074  0.01068  0.50   86595     925   86133  1846500  21.32
1990-1999       56      0.01164  0.01157  0.50   85670     991   85175  1760368  20.55
1990-1999       57      0.01224  0.01217  0.50   84679    1031   84164  1675193  19.78
1990-1999       58      0.01365  0.01355  0.50   83648    1134   83082  1591029  19.02
1990-1999       59      0.01471  0.01461  0.50   82515    1205   81912  1507948  18.27
1990-1999       60      0.01612  0.01599  0.50   81309    1300   80659  1426036  17.54
1990-1999       61      0.01741  0.01726  0.50   80009    1381   79319  1345376  16.82
1990-1999       62      0.01880  0.01862  0.50   78629    1464   77897  1266058  16.10
1990-1999       63      0.02044  0.02023  0.50   77164    1561   76384  1188161  15.40
1990-1999       64      0.02268  0.02243  0.50   75604    1696   74756  1111777  14.71
1990-1999       65      0.02451  0.02421  0.50   73908    1789   73013  1037021  14.03
1990-1999       66      0.02639  0.02605  0.50   72119    1879   71179   964008  13.37
1990-1999       67      0.02895  0.02853  0.50   70240    2004   69238   892829  12.71
1990-1999       68      0.03208  0.03158  0.50   68236    2155   67158   823591  12.07
1990-1999       69      0.03525  0.03464  0.50   66081    2289   64937   756433  11.45
1990-1999       70      0.03919  0.03844  0.50   63792    2452   62566   691496  10.84
1990-1999       71      0.04310  0.04219  0.50   61340    2588   60046   628930  10.25
1990-1999       72      0.04736  0.04626  0.50   58752    2718   57393   568884   9.68
1990-1999       73      0.05266  0.05131  0.50   56034    2875   54597   511490   9.13
1990-1999       74      0.05793  0.05630  0.50   53159    2993   51663   456893   8.59
1990-1999       75      0.06504  0.06299  0.50   50167    3160   48587   405230   8.08
1990-1999       76      0.07131  0.06886  0.50   47006    3237   45388   356644   7.59
1990-1999       77      0.07979  0.07673  0.50   43770    3358   42091   311256   7.11
1990-1999       78      0.08854  0.08479  0.50   40411    3426   38698   269165   6.66
1990-1999       79      0.09762  0.09308  0.50   36985    3443   35264   230467   6.23
1990-1999       80      0.10971  0.10400  0.50   33543    3488   31798   195203   5.82
1990-1999       81      0.12143  0.11448  0.50   30054    3441   28334   163405   5.44
1990-1999       82      0.13536  0.12678  0.50   26613    3374   24926   135071   5.08
1990-1999       83      0.15193  0.14120  0.50   23239    3281   21599   110145   4.74
1990-1999       84      0.16466  0.15214  0.50   19958    3036   18440    88546   4.44
1990-1999       85      0.18036  0.16544  0.50   16922    2800   15522    70106   4.14
1990-1999       86      0.20168  0.18321  0.50   14122    2587   12828    54584   3.87
1990-1999       87      0.21897  0.19736  0.50   11535    2277   10396    41756   3.62
1990-1999       88      0.23951  0.21389  0.50    9258    1980    8268    31359   3.39
1990-1999       89      0.26015  0.23021  0.50    7278    1675    6440    23091   3.17
1990-1999       90      0.28618  0.25036  0.50    5603    1403    4901    16651   2.97
1990-1999       91      0.31403  0.27141  0.50    4200    1140    3630    11750   2.80
1990-1999       92      0.33433  0.28644  0.50    3060     877    2622     8120   2.65
1990-1999       93      0.34372  0.29331  0.50    2183     640    1863     5498   2.52
1990-1999       94      0.36753  0.31048  0.50    1543     479    1304     3635   2.36
1990-1999       95      0.41340  0.34259  0.50    1064     364     882     2331   2.19
1990-1999       96      0.44193  0.36195  0.50     699     253     573     1450   2.07
1990-1999       97      0.47087  0.38114  0.50     446     170     361      877   1.96
1990-1999       98      0.50005  0.40003  0.50     276     110     221      516   1.87
1990-1999       99      0.52925  0.41850  0.50     166      69     131      295   1.78
1990-1999      100      0.55827  0.43644  0.50      96      42      75      164   1.70
1990-1999      101      0.58693  0.45377  0.50      54      25      42       88   1.63
1990-1999      102      0.61503  0.47038  0.50      30      14      23       46   1.56
1990-1999      103      0.64240  0.48623  0.50      16       8      12       24   1.50
1990-1999      104      0.66890  0.50125  0.50       8       4       6       12   1.45
1990-1999      105      0.69438  0.51543  0.50       4       2       3        6   1.40
1990-1999      106      0.71874  0.52873  0.50       2       1       1        3   1.36
1990-1999      107      0.74189  0.54115  0.50       1       0       1        1   1.32
1990-1999      108      0.76377  0.55270  0.50       0       0       0        1   1.29
1990-1999      109      0.78434  0.56340  0.50       0       0       0        0   1.26
1990-1999      110+     0.80360  1.00000  1.24       0       0       0        0   1.24
2000-2009        0      0.01137  0.01126  0.13  100000    1126   99016  7257138  72.57
2000-2009        1      0.00098  0.00098  0.50   98874      97   98826  7158122  72.40
2000-2009        2      0.00056  0.00056  0.50   98777      55   98749  7059296  71.47
2000-2009        3      0.00045  0.00045  0.50   98722      44   98700  6960547  70.51
2000-2009        4      0.00036  0.00036  0.50   98678      35   98660  6861847  69.54
2000-2009        5      0.00032  0.00032  0.50   98642      32   98626  6763187  68.56
2000-2009        6      0.00030  0.00030  0.50   98610      29   98596  6664561  67.58
2000-2009        7      0.00027  0.00027  0.50   98581      27   98568  6565965  66.60
2000-2009        8      0.00024  0.00024  0.50   98554      24   98542  6467397  65.62
2000-2009        9      0.00030  0.00030  0.50   98530      29   98516  6368855  64.64
2000-2009       10      0.00024  0.00024  0.50   98501      24   98489  6270339  63.66
2000-2009       11      0.00025  0.00025  0.50   98478      24   98466  6171850  62.67
2000-2009       12      0.00027  0.00027  0.50   98453      27   98440  6073384  61.69
2000-2009       13      0.00030  0.00030  0.50   98427      30   98412  5974944  60.70
2000-2009       14      0.00034  0.00034  0.50   98397      34   98380  5876532  59.72
2000-2009       15      0.00037  0.00037  0.50   98363      37   98345  5778152  58.74
2000-2009       16      0.00044  0.00044  0.50   98326      43   98305  5679808  57.76
2000-2009       17      0.00051  0.00051  0.50   98283      50   98258  5581503  56.79
2000-2009       18      0.00061  0.00061  0.50   98233      59   98203  5483245  55.82
2000-2009       19      0.00069  0.00069  0.50   98174      68   98140  5385041  54.85
2000-2009       20      0.00078  0.00078  0.50   98106      76   98068  5286902  53.89
2000-2009       21      0.00077  0.00076  0.50   98030      75   97992  5188834  52.93
2000-2009       22      0.00078  0.00078  0.50   97955      76   97917  5090842  51.97
2000-2009       23      0.00084  0.00084  0.50   97879      82   97837  4992925  51.01
2000-2009       24      0.00084  0.00084  0.50   97796      82   97755  4895088  50.05
2000-2009       25      0.00088  0.00088  0.50   97714      86   97671  4797333  49.10
2000-2009       26      0.00087  0.00087  0.50   97628      85   97586  4699662  48.14
2000-2009       27      0.00090  0.00090  0.50   97543      87   97499  4602076  47.18
2000-2009       28      0.00090  0.00090  0.50   97456      87   97412  4504577  46.22
2000-2009       29      0.00097  0.00097  0.50   97368      94   97321  4407165  45.26
2000-2009       30      0.00105  0.00105  0.50   97274     102   97223  4309843  44.31
2000-2009       31      0.00108  0.00108  0.50   97172     105   97119  4212620  43.35
2000-2009       32      0.00118  0.00118  0.50   97067     114   97010  4115501  42.40
2000-2009       33      0.00131  0.00131  0.50   96953     127   96889  4018491  41.45
2000-2009       34      0.00141  0.00140  0.50   96826     136   96758  3921602  40.50
2000-2009       35      0.00144  0.00144  0.50   96690     139   96620  3824845  39.56
2000-2009       36      0.00166  0.00166  0.50   96550     161   96470  3728225  38.61
2000-2009       37      0.00185  0.00185  0.50   96390     178   96300  3631755  37.68
2000-2009       38      0.00199  0.00199  0.50   96211     192   96115  3535454  36.75
2000-2009       39      0.00220  0.00220  0.50   96020     211   95914  3439339  35.82
2000-2009       40      0.00237  0.00236  0.50   95809     226   95696  3343425  34.90
2000-2009       41      0.00274  0.00273  0.50   95582     261   95452  3247729  33.98
2000-2009       42      0.00303  0.00303  0.50   95321     289   95177  3152277  33.07
2000-2009       43      0.00337  0.00336  0.50   95032     320   94873  3057100  32.17
2000-2009       44      0.00377  0.00376  0.50   94713     356   94535  2962228  31.28
2000-2009       45      0.00413  0.00412  0.50   94356     389   94162  2867693  30.39
2000-2009       46      0.00457  0.00456  0.50   93968     429   93753  2773531  29.52
2000-2009       47      0.00507  0.00506  0.50   93539     473   93302  2679777  28.65
2000-2009       48      0.00562  0.00561  0.50   93066     522   92805  2586475  27.79
2000-2009       49      0.00615  0.00613  0.50   92544     567   92260  2493670  26.95
2000-2009       50      0.00680  0.00678  0.50   91977     624   91665  2401410  26.11
2000-2009       51      0.00744  0.00741  0.50   91353     677   91015  2309745  25.28
2000-2009       52      0.00794  0.00791  0.50   90676     717   90317  2218730  24.47
2000-2009       53      0.00895  0.00891  0.50   89959     802   89558  2128413  23.66
2000-2009       54      0.00962  0.00957  0.50   89157     853   88730  2038855  22.87
2000-2009       55      0.01025  0.01020  0.50   88303     901   87853  1950125  22.08
2000-2009       56      0.01123  0.01116  0.50   87403     976   86915  1862271  21.31
2000-2009       57      0.01208  0.01201  0.50   86427    1038   85908  1775356  20.54
2000-2009       58      0.01303  0.01295  0.50   85389    1105   84836  1689448  19.79
2000-2009       59      0.01397  0.01387  0.50   84284    1169   83699  1604612  19.04
2000-2009       60      0.01517  0.01506  0.50   83115    1252   82489  1520913  18.30
2000-2009       61      0.01616  0.01603  0.50   81863    1313   81207  1438424  17.57
2000-2009       62      0.01755  0.01740  0.50   80550    1402   79849  1357217  16.85
2000-2009       63      0.01940  0.01921  0.50   79149    1520   78388  1277368  16.14
2000-2009       64      0.02089  0.02068  0.50   77628    1605   76826  1198979  15.45
2000-2009       65      0.02253  0.02228  0.50   76023    1694   75176  1122154  14.76
2000-2009       66      0.02428  0.02399  0.50   74330    1783   73438  1046977  14.09
2000-2009       67      0.02624  0.02590  0.50   72546    1879   71607   973539  13.42
2000-2009       68      0.02880  0.02839  0.50   70667    2006   69664   901933  12.76
2000-2009       69      0.03148  0.03099  0.50   68661    2128   67597   832269  12.12
2000-2009       70      0.03517  0.03456  0.50   66533    2300   65383   764671  11.49
2000-2009       71      0.03808  0.03737  0.50   64233    2400   63033   699288  10.89
2000-2009       72      0.04187  0.04101  0.50   61833    2536   60565   636255  10.29
2000-2009       73      0.04681  0.04574  0.50   59297    2712   57941   575689   9.71
2000-2009       74      0.05189  0.05058  0.50   56585    2862   55154   517748   9.15
2000-2009       75      0.05730  0.05570  0.50   53723    2992   52227   462594   8.61
2000-2009       76      0.06354  0.06159  0.50   50731    3124   49169   410367   8.09
2000-2009       77      0.07124  0.06879  0.50   47606    3275   45969   361199   7.59
2000-2009       78      0.07913  0.07612  0.50   44332    3374   42645   315229   7.11
2000-2009       79      0.08849  0.08474  0.50   40957    3471   39222   272585   6.66
2000-2009       80      0.09941  0.09471  0.50   37486    3550   35711   233363   6.23
2000-2009       81      0.10969  0.10399  0.50   33936    3529   32172   197652   5.82
2000-2009       82      0.12197  0.11496  0.50   30407    3496   28659   165480   5.44
2000-2009       83      0.13397  0.12556  0.50   26912    3379   25222   136820   5.08
2000-2009       84      0.14740  0.13729  0.50   23533    3231   21917   111598   4.74
2000-2009       85      0.16636  0.15359  0.50   20302    3118   18743    89681   4.42
2000-2009       86      0.18061  0.16565  0.50   17184    2847   15760    70938   4.13
2000-2009       87      0.20005  0.18186  0.50   14337    2607   13034    55178   3.85
2000-2009       88      0.22030  0.19844  0.50   11730    2328   10566    42144   3.59
2000-2009       89      0.24075  0.21488  0.50    9402    2020    8392    31578   3.36
2000-2009       90      0.25950  0.22970  0.50    7382    1696    6534    23186   3.14
2000-2009       91      0.29253  0.25520  0.50    5686    1451    4961    16652   2.93
2000-2009       92      0.30937  0.26792  0.50    4235    1135    3668    11692   2.76
2000-2009       93      0.34494  0.29420  0.50    3100     912    2644     8024   2.59
2000-2009       94      0.35789  0.30357  0.50    2188     664    1856     5380   2.46
2000-2009       95      0.38698  0.32424  0.50    1524     494    1277     3523   2.31
2000-2009       96      0.41524  0.34385  0.50    1030     354     853     2247   2.18
2000-2009       97      0.44410  0.36341  0.50     676     246     553     1394   2.06
2000-2009       98      0.47338  0.38278  0.50     430     165     348      841   1.95
2000-2009       99      0.50287  0.40183  0.50     266     107     212      493   1.86
2000-2009      100      0.53236  0.42045  0.50     159      67     125      281   1.77
2000-2009      101      0.56165  0.43851  0.50      92      40      72      155   1.69
2000-2009      102      0.59054  0.45592  0.50      52      24      40       84   1.62
2000-2009      103      0.61883  0.47260  0.50      28      13      21       44   1.55
2000-2009      104      0.64636  0.48849  0.50      15       7      11       22   1.49
2000-2009      105      0.67296  0.50353  0.50       8       4       6       11   1.44
2000-2009      106      0.69849  0.51769  0.50       4       2       3        5   1.39
2000-2009      107      0.72287  0.53096  0.50       2       1       1        2   1.35
2000-2009      108      0.74600  0.54333  0.50       1       0       1        1   1.32
2000-2009      109      0.76782  0.55482  0.50       0       0       0        1   1.29
2000-2009      110+     0.78830  1.00000  1.27       0       0       0        0   1.27
2010-2017        0      0.00756  0.00751  0.13  100000     751   99349  7447060  74.47
2010-2017        1      0.00066  0.00066  0.50   99249      66   99216  7347711  74.03
2010-2017        2      0.00033  0.00033  0.50   99183      33   99167  7248495  73.08
2010-2017        3      0.00027  0.00027  0.50   99150      27   99137  7149328  72.11
2010-2017        4      0.00022  0.00022  0.50   99123      21   99113  7050192  71.13
2010-2017        5      0.00022  0.00022  0.50   99102      22   99091  6951079  70.14
2010-2017        6      0.00019  0.00019  0.50   99080      19   99071  6851988  69.16
2010-2017        7      0.00019  0.00019  0.50   99061      19   99052  6752918  68.17
2010-2017        8      0.00016  0.00016  0.50   99042      16   99034  6653866  67.18
2010-2017        9      0.00018  0.00017  0.50   99026      17   99018  6554832  66.19
2010-2017       10      0.00018  0.00018  0.50   99009      18   99000  6455814  65.20
2010-2017       11      0.00022  0.00022  0.50   98991      22   98980  6356814  64.22
2010-2017       12      0.00020  0.00020  0.50   98969      20   98959  6257834  63.23
2010-2017       13      0.00023  0.00023  0.50   98949      23   98937  6158876  62.24
2010-2017       14      0.00022  0.00022  0.50   98926      21   98915  6059939  61.26
2010-2017       15      0.00035  0.00035  0.50   98904      34   98887  5961023  60.27
2010-2017       16      0.00037  0.00037  0.50   98870      36   98852  5862136  59.29
2010-2017       17      0.00043  0.00043  0.50   98834      43   98812  5763284  58.31
2010-2017       18      0.00055  0.00055  0.50   98791      55   98764  5664472  57.34
2010-2017       19      0.00064  0.00064  0.50   98736      63   98705  5565708  56.37
2010-2017       20      0.00065  0.00065  0.50   98673      64   98641  5467004  55.41
2010-2017       21      0.00059  0.00059  0.50   98610      58   98581  5368362  54.44
2010-2017       22      0.00066  0.00066  0.50   98552      65   98519  5269782  53.47
2010-2017       23      0.00059  0.00059  0.50   98487      58   98458  5171262  52.51
2010-2017       24      0.00069  0.00069  0.50   98429      68   98395  5072804  51.54
2010-2017       25      0.00064  0.00064  0.50   98361      63   98330  4974409  50.57
2010-2017       26      0.00074  0.00074  0.50   98298      72   98262  4876079  49.61
2010-2017       27      0.00067  0.00067  0.50   98226      66   98193  4777817  48.64
2010-2017       28      0.00079  0.00079  0.50   98160      77   98121  4679624  47.67
2010-2017       29      0.00079  0.00079  0.50   98082      78   98044  4581503  46.71
2010-2017       30      0.00091  0.00091  0.50   98005      89   97960  4483460  45.75
2010-2017       31      0.00094  0.00094  0.50   97916      92   97870  4385499  44.79
2010-2017       32      0.00096  0.00096  0.50   97823      94   97777  4287630  43.83
2010-2017       33      0.00112  0.00112  0.50   97730     109   97675  4189853  42.87
2010-2017       34      0.00115  0.00114  0.50   97620     112   97564  4092178  41.92
2010-2017       35      0.00123  0.00123  0.50   97509     120   97448  3994614  40.97
2010-2017       36      0.00138  0.00137  0.50   97388     134   97321  3897165  40.02
2010-2017       37      0.00148  0.00148  0.50   97254     144   97182  3799844  39.07
2010-2017       38      0.00169  0.00169  0.50   97110     164   97028  3702662  38.13
2010-2017       39      0.00180  0.00180  0.50   96946     174   96859  3605634  37.19
2010-2017       40      0.00196  0.00196  0.50   96772     190   96677  3508775  36.26
2010-2017       41      0.00227  0.00227  0.50   96582     219   96472  3412098  35.33
2010-2017       42      0.00246  0.00246  0.50   96363     237   96244  3315625  34.41
2010-2017       43      0.00286  0.00285  0.50   96126     274   95989  3219381  33.49
2010-2017       44      0.00330  0.00330  0.50   95852     316   95694  3123392  32.59
2010-2017       45      0.00359  0.00359  0.50   95536     343   95365  3027698  31.69
2010-2017       46      0.00386  0.00385  0.50   95193     367   95010  2932333  30.80
2010-2017       47      0.00429  0.00428  0.50   94827     406   94624  2837323  29.92
2010-2017       48      0.00497  0.00496  0.50   94421     468   94187  2742699  29.05
2010-2017       49      0.00543  0.00542  0.50   93952     509   93698  2648512  28.19
2010-2017       50      0.00595  0.00593  0.50   93443     554   93166  2554814  27.34
2010-2017       51      0.00667  0.00664  0.50   92889     617   92581  2461648  26.50
2010-2017       52      0.00723  0.00720  0.50   92272     665   91940  2369067  25.67
2010-2017       53      0.00783  0.00780  0.50   91607     714   91250  2277128  24.86
2010-2017       54      0.00876  0.00872  0.50   90893     793   90496  2185878  24.05
2010-2017       55      0.00959  0.00954  0.50   90100     860   89670  2095381  23.26
2010-2017       56      0.01014  0.01009  0.50   89240     900   88790  2005711  22.48
2010-2017       57      0.01101  0.01095  0.50   88340     968   87856  1916921  21.70
2010-2017       58      0.01229  0.01221  0.50   87372    1067   86839  1829065  20.93
2010-2017       59      0.01286  0.01277  0.50   86305    1103   85754  1742226  20.19
2010-2017       60      0.01402  0.01392  0.50   85203    1186   84610  1656472  19.44
2010-2017       61      0.01521  0.01509  0.50   84017    1268   83383  1571863  18.71
2010-2017       62      0.01653  0.01640  0.50   82749    1357   82070  1488480  17.99
2010-2017       63      0.01726  0.01711  0.50   81392    1393   80695  1406410  17.28
2010-2017       64      0.01883  0.01865  0.50   79999    1492   79253  1325715  16.57
2010-2017       65      0.02010  0.01990  0.50   78507    1562   77725  1246462  15.88
2010-2017       66      0.02187  0.02163  0.50   76944    1665   76112  1168737  15.19
2010-2017       67      0.02338  0.02311  0.50   75280    1740   74410  1092625  14.51
2010-2017       68      0.02535  0.02504  0.50   73540    1841   72619  1018215  13.85
2010-2017       69      0.02698  0.02662  0.50   71699    1909   70744   945596  13.19
2010-2017       70      0.02962  0.02918  0.50   69790    2037   68771   874852  12.54
2010-2017       71      0.03161  0.03112  0.50   67753    2109   66699   806080  11.90
2010-2017       72      0.03530  0.03469  0.50   65645    2277   64506   739382  11.26
2010-2017       73      0.03832  0.03760  0.50   63367    2382   62176   674876  10.65
2010-2017       74      0.04201  0.04115  0.50   60985    2509   59730   612700  10.05
2010-2017       75      0.04636  0.04531  0.50   58476    2650   57151   552969   9.46
2010-2017       76      0.05218  0.05086  0.50   55826    2839   54407   495819   8.88
2010-2017       77      0.05780  0.05617  0.50   52987    2976   51499   441412   8.33
2010-2017       78      0.06455  0.06253  0.50   50011    3127   48447   389913   7.80
2010-2017       79      0.07340  0.07081  0.50   46883    3320   45223   341466   7.28
2010-2017       80      0.08199  0.07876  0.50   43564    3431   41848   296243   6.80
2010-2017       81      0.09307  0.08893  0.50   40133    3569   38348   254395   6.34
2010-2017       82      0.10259  0.09758  0.50   36563    3568   34780   216047   5.91
2010-2017       83      0.11519  0.10892  0.50   32996    3594   31199   181267   5.49
2010-2017       84      0.13027  0.12230  0.50   29402    3596   27604   150068   5.10
2010-2017       85      0.14423  0.13453  0.50   25806    3472   24070   122465   4.75
2010-2017       86      0.16145  0.14939  0.50   22334    3337   20666    98395   4.41
2010-2017       87      0.18082  0.16582  0.50   18998    3150   17423    77729   4.09
2010-2017       88      0.20040  0.18215  0.50   15847    2887   14404    60306   3.81
2010-2017       89      0.22021  0.19837  0.50   12961    2571   11675    45902   3.54
2010-2017       90      0.24885  0.22131  0.50   10390    2299    9240    34227   3.29
2010-2017       91      0.26772  0.23612  0.50    8090    1910    7135    24987   3.09
2010-2017       92      0.28826  0.25195  0.50    6180    1557    5402    17852   2.89
2010-2017       93      0.31256  0.27032  0.50    4623    1250    3998    12450   2.69
2010-2017       94      0.33881  0.28973  0.50    3373     977    2885     8452   2.51
2010-2017       95      0.38035  0.31957  0.50    2396     766    2013     5567   2.32
2010-2017       96      0.41150  0.34128  0.50    1630     556    1352     3554   2.18
2010-2017       97      0.44342  0.36295  0.50    1074     390     879     2202   2.05
2010-2017       98      0.47586  0.38440  0.50     684     263     553     1323   1.93
2010-2017       99      0.50854  0.40544  0.50     421     171     336      770   1.83
2010-2017      100      0.54117  0.42592  0.50     250     107     197      434   1.73
2010-2017      101      0.57349  0.44569  0.50     144      64     112      237   1.65
2010-2017      102      0.60521  0.46461  0.50      80      37      61      126   1.58
2010-2017      103      0.63609  0.48260  0.50      43      21      32       64   1.51
2010-2017      104      0.66590  0.49957  0.50      22      11      17       32   1.45
2010-2017      105      0.69445  0.51547  0.50      11       6       8       15   1.40
2010-2017      106      0.72159  0.53027  0.50       5       3       4        7   1.35
2010-2017      107      0.74721  0.54398  0.50       3       1       2        3   1.31
2010-2017      108      0.77122  0.55659  0.50       1       1       1        1   1.27
2010-2017      109      0.79359  0.56815  0.50       1       0       0        1   1.25
2010-2017      110+     0.81430  1.00000  1.23       0       0       0        0   1.23
