Germany, Life tables (period 1x10), Total	Last modified: 17 Dec 2018;  Methods Protocol: v6 (2017)

  Year          Age         mx       qx    ax      lx      dx      Lx       Tx     ex
1990-1999        0      0.00557  0.00554  0.14  100000     554   99522  7652339  76.52
1990-1999        1      0.00051  0.00051  0.50   99446      51   99420  7552817  75.95
1990-1999        2      0.00033  0.00033  0.50   99395      32   99378  7453397  74.99
1990-1999        3      0.00026  0.00026  0.50   99362      25   99349  7354019  74.01
1990-1999        4      0.00021  0.00021  0.50   99337      21   99326  7254669  73.03
1990-1999        5      0.00018  0.00018  0.50   99316      18   99307  7155343  72.05
1990-1999        6      0.00017  0.00017  0.50   99298      17   99289  7056036  71.06
1990-1999        7      0.00016  0.00016  0.50   99281      16   99273  6956747  70.07
1990-1999        8      0.00015  0.00015  0.50   99265      15   99258  6857473  69.08
1990-1999        9      0.00014  0.00014  0.50   99251      14   99244  6758215  68.09
1990-1999       10      0.00014  0.00014  0.50   99237      14   99230  6658972  67.10
1990-1999       11      0.00015  0.00015  0.50   99223      15   99216  6559741  66.11
1990-1999       12      0.00015  0.00015  0.50   99209      15   99201  6460525  65.12
1990-1999       13      0.00017  0.00017  0.50   99194      17   99185  6361324  64.13
1990-1999       14      0.00021  0.00021  0.50   99177      21   99167  6262138  63.14
1990-1999       15      0.00028  0.00028  0.50   99156      27   99142  6162972  62.15
1990-1999       16      0.00040  0.00040  0.50   99129      39   99109  6063829  61.17
1990-1999       17      0.00049  0.00049  0.50   99089      48   99065  5964720  60.20
1990-1999       18      0.00075  0.00075  0.50   99041      74   99004  5865655  59.22
1990-1999       19      0.00077  0.00077  0.50   98966      76   98928  5766652  58.27
1990-1999       20      0.00073  0.00073  0.50   98890      72   98854  5667723  57.31
1990-1999       21      0.00072  0.00072  0.50   98818      71   98783  5568869  56.35
1990-1999       22      0.00070  0.00070  0.50   98747      69   98712  5470086  55.40
1990-1999       23      0.00069  0.00069  0.50   98678      68   98644  5371374  54.43
1990-1999       24      0.00068  0.00068  0.50   98610      67   98577  5272730  53.47
1990-1999       25      0.00069  0.00069  0.50   98543      68   98509  5174153  52.51
1990-1999       26      0.00068  0.00068  0.50   98475      67   98442  5075644  51.54
1990-1999       27      0.00070  0.00070  0.50   98408      69   98374  4977202  50.58
1990-1999       28      0.00074  0.00074  0.50   98339      73   98303  4878828  49.61
1990-1999       29      0.00077  0.00077  0.50   98267      76   98229  4780525  48.65
1990-1999       30      0.00082  0.00082  0.50   98191      80   98151  4682297  47.69
1990-1999       31      0.00085  0.00085  0.50   98111      83   98069  4584146  46.72
1990-1999       32      0.00091  0.00091  0.50   98027      89   97982  4486077  45.76
1990-1999       33      0.00100  0.00100  0.50   97938      98   97889  4388095  44.80
1990-1999       34      0.00108  0.00108  0.50   97840     105   97788  4290206  43.85
1990-1999       35      0.00116  0.00115  0.50   97735     113   97678  4192418  42.90
1990-1999       36      0.00127  0.00127  0.50   97622     124   97560  4094740  41.94
1990-1999       37      0.00140  0.00140  0.50   97498     136   97430  3997180  41.00
1990-1999       38      0.00149  0.00149  0.50   97362     145   97289  3899750  40.05
1990-1999       39      0.00164  0.00164  0.50   97216     160   97137  3802461  39.11
1990-1999       40      0.00180  0.00180  0.50   97057     175   96969  3705324  38.18
1990-1999       41      0.00197  0.00197  0.50   96882     191   96787  3608355  37.24
1990-1999       42      0.00215  0.00215  0.50   96691     208   96587  3511568  36.32
1990-1999       43      0.00235  0.00234  0.50   96483     226   96370  3414981  35.39
1990-1999       44      0.00254  0.00254  0.50   96257     244   96135  3318611  34.48
1990-1999       45      0.00279  0.00279  0.50   96013     268   95879  3222476  33.56
1990-1999       46      0.00303  0.00302  0.50   95745     289   95601  3126597  32.66
1990-1999       47      0.00330  0.00329  0.50   95456     314   95299  3030996  31.75
1990-1999       48      0.00363  0.00362  0.50   95142     345   94969  2935697  30.86
1990-1999       49      0.00393  0.00393  0.50   94797     372   94611  2840728  29.97
1990-1999       50      0.00438  0.00437  0.50   94425     413   94218  2746117  29.08
1990-1999       51      0.00474  0.00473  0.50   94012     444   93789  2651899  28.21
1990-1999       52      0.00517  0.00516  0.50   93567     483   93326  2558110  27.34
1990-1999       53      0.00560  0.00559  0.50   93084     520   92824  2464784  26.48
1990-1999       54      0.00612  0.00610  0.50   92564     564   92282  2371960  25.62
1990-1999       55      0.00664  0.00661  0.50   92000     608   91696  2279678  24.78
1990-1999       56      0.00721  0.00718  0.50   91391     656   91063  2187982  23.94
1990-1999       57      0.00793  0.00789  0.50   90735     716   90377  2096919  23.11
1990-1999       58      0.00859  0.00855  0.50   90019     770   89634  2006542  22.29
1990-1999       59      0.00956  0.00952  0.50   89249     849   88824  1916908  21.48
1990-1999       60      0.01056  0.01051  0.50   88400     929   87935  1828084  20.68
1990-1999       61      0.01163  0.01156  0.50   87471    1011   86965  1740149  19.89
1990-1999       62      0.01278  0.01269  0.50   86460    1098   85911  1653183  19.12
1990-1999       63      0.01402  0.01393  0.50   85362    1189   84768  1567272  18.36
1990-1999       64      0.01532  0.01520  0.50   84173    1280   83533  1482505  17.61
1990-1999       65      0.01666  0.01652  0.50   82894    1369   82209  1398971  16.88
1990-1999       66      0.01806  0.01790  0.50   81524    1459   80794  1316762  16.15
1990-1999       67      0.01969  0.01950  0.50   80065    1561   79284  1235968  15.44
1990-1999       68      0.02148  0.02125  0.50   78503    1668   77669  1156684  14.73
1990-1999       69      0.02341  0.02314  0.50   76835    1778   75946  1079015  14.04
1990-1999       70      0.02577  0.02544  0.50   75057    1910   74102  1003069  13.36
1990-1999       71      0.02802  0.02763  0.50   73147    2021   72137   928966  12.70
1990-1999       72      0.03068  0.03021  0.50   71126    2149   70052   856830  12.05
1990-1999       73      0.03365  0.03309  0.50   68977    2283   67836   786778  11.41
1990-1999       74      0.03713  0.03645  0.50   66695    2431   65479   718942  10.78
1990-1999       75      0.04151  0.04066  0.50   64263    2613   62957   653463  10.17
1990-1999       76      0.04610  0.04507  0.50   61650    2778   60261   590506   9.58
1990-1999       77      0.05151  0.05022  0.50   58872    2956   57394   530245   9.01
1990-1999       78      0.05781  0.05618  0.50   55915    3142   54345   472852   8.46
1990-1999       79      0.06468  0.06265  0.50   52774    3307   51121   418507   7.93
1990-1999       80      0.07221  0.06969  0.50   49467    3447   47744   367386   7.43
1990-1999       81      0.08168  0.07848  0.50   46020    3612   44214   319643   6.95
1990-1999       82      0.09065  0.08672  0.50   42408    3678   40570   275429   6.49
1990-1999       83      0.10080  0.09597  0.50   38731    3717   36872   234859   6.06
1990-1999       84      0.11221  0.10625  0.50   35014    3720   33154   197987   5.65
1990-1999       85      0.12509  0.11772  0.50   31294    3684   29452   164833   5.27
1990-1999       86      0.13912  0.13007  0.50   27610    3591   25814   135382   4.90
1990-1999       87      0.15494  0.14380  0.50   24018    3454   22291   109568   4.56
1990-1999       88      0.17205  0.15842  0.50   20565    3258   18936    87276   4.24
1990-1999       89      0.19006  0.17356  0.50   17307    3004   15805    68340   3.95
1990-1999       90      0.21171  0.19145  0.50   14303    2738   12934    52536   3.67
1990-1999       91      0.23246  0.20825  0.50   11565    2408   10360    39602   3.42
1990-1999       92      0.25466  0.22589  0.50    9156    2068    8122    29241   3.19
1990-1999       93      0.27838  0.24437  0.50    7088    1732    6222    21119   2.98
1990-1999       94      0.30466  0.26438  0.50    5356    1416    4648    14897   2.78
1990-1999       95      0.33124  0.28417  0.50    3940    1120    3380    10250   2.60
1990-1999       96      0.35975  0.30491  0.50    2820     860    2390     6870   2.44
1990-1999       97      0.38938  0.32593  0.50    1960     639    1641     4479   2.28
1990-1999       98      0.41995  0.34707  0.50    1321     459    1092     2838   2.15
1990-1999       99      0.45122  0.36816  0.50     863     318     704     1746   2.02
1990-1999      100      0.48298  0.38903  0.50     545     212     439     1042   1.91
1990-1999      101      0.51496  0.40951  0.50     333     136     265      603   1.81
1990-1999      102      0.54689  0.42946  0.50     197      84     154      338   1.72
1990-1999      103      0.57851  0.44872  0.50     112      50      87      184   1.64
1990-1999      104      0.60957  0.46718  0.50      62      29      47       97   1.57
1990-1999      105      0.63982  0.48475  0.50      33      16      25       50   1.50
1990-1999      106      0.66906  0.50134  0.50      17       9      13       25   1.44
1990-1999      107      0.69709  0.51692  0.50       8       4       6       12   1.39
1990-1999      108      0.72377  0.53145  0.50       4       2       3        6   1.35
1990-1999      109      0.74899  0.54492  0.50       2       1       1        3   1.32
1990-1999      110+     0.77266  1.00000  1.29       1       1       1        1   1.29
2000-2009        0      0.00398  0.00397  0.14  100000     397   99659  7910277  79.10
2000-2009        1      0.00036  0.00036  0.50   99603      36   99586  7810618  78.42
2000-2009        2      0.00020  0.00020  0.50   99568      20   99558  7711032  77.45
2000-2009        3      0.00017  0.00017  0.50   99548      17   99539  7611474  76.46
2000-2009        4      0.00013  0.00013  0.50   99531      13   99524  7511935  75.47
2000-2009        5      0.00012  0.00012  0.50   99518      12   99512  7412411  74.48
2000-2009        6      0.00011  0.00011  0.50   99506      11   99501  7312899  73.49
2000-2009        7      0.00010  0.00010  0.50   99495      10   99491  7213398  72.50
2000-2009        8      0.00010  0.00010  0.50   99486      10   99481  7113908  71.51
2000-2009        9      0.00009  0.00009  0.50   99476       9   99472  7014427  70.51
2000-2009       10      0.00009  0.00009  0.50   99467       9   99463  6914955  69.52
2000-2009       11      0.00011  0.00011  0.50   99458      11   99453  6815492  68.53
2000-2009       12      0.00011  0.00011  0.50   99448      11   99442  6716039  67.53
2000-2009       13      0.00012  0.00012  0.50   99437      12   99431  6616597  66.54
2000-2009       14      0.00015  0.00015  0.50   99425      15   99417  6517166  65.55
2000-2009       15      0.00019  0.00019  0.50   99409      19   99400  6417749  64.56
2000-2009       16      0.00027  0.00027  0.50   99390      27   99377  6318349  63.57
2000-2009       17      0.00033  0.00033  0.50   99363      33   99346  6218973  62.59
2000-2009       18      0.00050  0.00050  0.50   99330      50   99305  6119626  61.61
2000-2009       19      0.00050  0.00050  0.50   99280      50   99255  6020321  60.64
2000-2009       20      0.00052  0.00052  0.50   99230      51   99205  5921066  59.67
2000-2009       21      0.00049  0.00049  0.50   99179      48   99155  5821861  58.70
2000-2009       22      0.00049  0.00049  0.50   99131      48   99107  5722706  57.73
2000-2009       23      0.00048  0.00048  0.50   99083      48   99059  5623600  56.76
2000-2009       24      0.00048  0.00048  0.50   99035      47   99011  5524541  55.78
2000-2009       25      0.00047  0.00047  0.50   98988      47   98964  5425530  54.81
2000-2009       26      0.00049  0.00049  0.50   98941      48   98917  5326565  53.84
2000-2009       27      0.00050  0.00050  0.50   98893      49   98868  5227649  52.86
2000-2009       28      0.00050  0.00050  0.50   98843      49   98818  5128781  51.89
2000-2009       29      0.00052  0.00052  0.50   98794      51   98768  5029962  50.91
2000-2009       30      0.00053  0.00053  0.50   98743      53   98716  4931194  49.94
2000-2009       31      0.00058  0.00058  0.50   98690      58   98661  4832478  48.97
2000-2009       32      0.00061  0.00061  0.50   98632      60   98602  4733816  47.99
2000-2009       33      0.00064  0.00064  0.50   98573      63   98541  4635214  47.02
2000-2009       34      0.00071  0.00071  0.50   98509      70   98474  4536673  46.05
2000-2009       35      0.00077  0.00077  0.50   98440      76   98402  4438199  45.09
2000-2009       36      0.00083  0.00083  0.50   98363      82   98322  4339797  44.12
2000-2009       37      0.00090  0.00090  0.50   98282      89   98237  4241475  43.16
2000-2009       38      0.00101  0.00101  0.50   98193      99   98143  4143237  42.19
2000-2009       39      0.00113  0.00113  0.50   98093     111   98038  4045094  41.24
2000-2009       40      0.00126  0.00126  0.50   97983     123   97921  3947056  40.28
2000-2009       41      0.00139  0.00139  0.50   97860     136   97792  3849135  39.33
2000-2009       42      0.00157  0.00157  0.50   97724     153   97648  3751343  38.39
2000-2009       43      0.00177  0.00177  0.50   97571     173   97485  3653696  37.45
2000-2009       44      0.00194  0.00194  0.50   97398     189   97304  3556211  36.51
2000-2009       45      0.00220  0.00220  0.50   97209     214   97102  3458908  35.58
2000-2009       46      0.00246  0.00246  0.50   96996     238   96876  3361805  34.66
2000-2009       47      0.00273  0.00273  0.50   96757     264   96625  3264929  33.74
2000-2009       48      0.00300  0.00299  0.50   96493     289   96349  3168303  32.83
2000-2009       49      0.00332  0.00331  0.50   96205     319   96045  3071954  31.93
2000-2009       50      0.00361  0.00360  0.50   95886     345   95713  2975909  31.04
2000-2009       51      0.00394  0.00393  0.50   95540     375   95353  2880196  30.15
2000-2009       52      0.00433  0.00432  0.50   95165     411   94960  2784843  29.26
2000-2009       53      0.00466  0.00465  0.50   94754     441   94534  2689884  28.39
2000-2009       54      0.00509  0.00508  0.50   94314     479   94074  2595350  27.52
2000-2009       55      0.00552  0.00550  0.50   93835     516   93576  2501276  26.66
2000-2009       56      0.00595  0.00593  0.50   93318     553   93042  2407699  25.80
2000-2009       57      0.00646  0.00644  0.50   92765     597   92466  2314658  24.95
2000-2009       58      0.00711  0.00709  0.50   92168     653   91841  2222191  24.11
2000-2009       59      0.00763  0.00760  0.50   91514     695   91167  2130350  23.28
2000-2009       60      0.00835  0.00832  0.50   90819     756   90441  2039184  22.45
2000-2009       61      0.00904  0.00900  0.50   90063     810   89658  1948742  21.64
2000-2009       62      0.00982  0.00978  0.50   89253     872   88817  1859084  20.83
2000-2009       63      0.01060  0.01055  0.50   88381     932   87915  1770267  20.03
2000-2009       64      0.01141  0.01134  0.50   87449     992   86953  1682352  19.24
2000-2009       65      0.01256  0.01248  0.50   86457    1079   85917  1595400  18.45
2000-2009       66      0.01365  0.01356  0.50   85377    1157   84799  1509482  17.68
2000-2009       67      0.01488  0.01477  0.50   84220    1244   83598  1424684  16.92
2000-2009       68      0.01632  0.01619  0.50   82977    1343   82305  1341085  16.16
2000-2009       69      0.01798  0.01782  0.50   81633    1455   80906  1258780  15.42
2000-2009       70      0.01994  0.01975  0.50   80178    1583   79387  1177875  14.69
2000-2009       71      0.02213  0.02189  0.50   78595    1720   77735  1098488  13.98
2000-2009       72      0.02460  0.02430  0.50   76875    1868   75941  1020753  13.28
2000-2009       73      0.02715  0.02678  0.50   75007    2009   74002   944812  12.60
2000-2009       74      0.03013  0.02969  0.50   72998    2167   71914   870809  11.93
2000-2009       75      0.03339  0.03284  0.50   70831    2326   69668   798895  11.28
2000-2009       76      0.03694  0.03627  0.50   68505    2484   67263   729227  10.64
2000-2009       77      0.04097  0.04015  0.50   66021    2650   64695   661964  10.03
2000-2009       78      0.04577  0.04474  0.50   63370    2835   61952   597269   9.43
2000-2009       79      0.05089  0.04962  0.50   60535    3004   59033   535316   8.84
2000-2009       80      0.05813  0.05649  0.50   57531    3250   55906   476284   8.28
2000-2009       81      0.06461  0.06258  0.50   54281    3397   52582   420378   7.74
2000-2009       82      0.07215  0.06964  0.50   50884    3543   49112   367795   7.23
2000-2009       83      0.08117  0.07800  0.50   47340    3693   45494   318683   6.73
2000-2009       84      0.09049  0.08657  0.50   43648    3779   41758   273189   6.26
2000-2009       85      0.10314  0.09808  0.50   39869    3910   37914   231431   5.80
2000-2009       86      0.11647  0.11006  0.50   35959    3958   33980   193517   5.38
2000-2009       87      0.13202  0.12384  0.50   32001    3963   30020   159537   4.99
2000-2009       88      0.14835  0.13810  0.50   28038    3872   26102   129517   4.62
2000-2009       89      0.16639  0.15361  0.50   24166    3712   22310   103415   4.28
2000-2009       90      0.18379  0.16832  0.50   20454    3443   18732    81105   3.97
2000-2009       91      0.20886  0.18911  0.50   17011    3217   15402    62373   3.67
2000-2009       92      0.23100  0.20708  0.50   13794    2857   12366    46971   3.41
2000-2009       93      0.25341  0.22491  0.50   10938    2460    9708    34605   3.16
2000-2009       94      0.27948  0.24521  0.50    8478    2079    7438    24897   2.94
2000-2009       95      0.30774  0.26670  0.50    6399    1707    5545    17459   2.73
2000-2009       96      0.33765  0.28888  0.50    4692    1355    4014    11914   2.54
2000-2009       97      0.36901  0.31153  0.50    3337    1039    2817     7899   2.37
2000-2009       98      0.40160  0.33445  0.50    2297     768    1913     5082   2.21
2000-2009       99      0.43518  0.35741  0.50    1529     546    1256     3169   2.07
2000-2009      100      0.46943  0.38019  0.50     982     374     796     1914   1.95
2000-2009      101      0.50405  0.40258  0.50     609     245     486     1118   1.84
2000-2009      102      0.53869  0.42438  0.50     364     154     287      631   1.74
2000-2009      103      0.57302  0.44541  0.50     209      93     163      345   1.65
2000-2009      104      0.60672  0.46550  0.50     116      54      89      182   1.57
2000-2009      105      0.63948  0.48455  0.50      62      30      47       93   1.50
2000-2009      106      0.67103  0.50245  0.50      32      16      24       46   1.44
2000-2009      107      0.70114  0.51915  0.50      16       8      12       22   1.38
2000-2009      108      0.72964  0.53461  0.50       8       4       6       10   1.34
2000-2009      109      0.75639  0.54883  0.50       4       2       3        5   1.30
2000-2009      110+     0.78131  1.00000  1.28       2       2       2        2   1.28
2010-2017        0      0.00338  0.00337  0.14  100000     337   99711  8059583  80.60
2010-2017        1      0.00027  0.00027  0.50   99663      27   99650  7959872  79.87
2010-2017        2      0.00015  0.00015  0.50   99637      15   99629  7860222  78.89
2010-2017        3      0.00012  0.00012  0.50   99622      12   99616  7760592  77.90
2010-2017        4      0.00011  0.00011  0.50   99610      11   99605  7660976  76.91
2010-2017        5      0.00010  0.00010  0.50   99600      10   99595  7561371  75.92
2010-2017        6      0.00009  0.00009  0.50   99590       8   99586  7461776  74.92
2010-2017        7      0.00007  0.00007  0.50   99581       7   99578  7362190  73.93
2010-2017        8      0.00008  0.00008  0.50   99574       8   99570  7262612  72.94
2010-2017        9      0.00007  0.00007  0.50   99566       7   99563  7163042  71.94
2010-2017       10      0.00007  0.00007  0.50   99559       7   99556  7063479  70.95
2010-2017       11      0.00008  0.00008  0.50   99552       8   99549  6963923  69.95
2010-2017       12      0.00008  0.00008  0.50   99545       8   99541  6864375  68.96
2010-2017       13      0.00010  0.00010  0.50   99536      10   99532  6764834  67.96
2010-2017       14      0.00011  0.00011  0.50   99527      11   99521  6665303  66.97
2010-2017       15      0.00014  0.00014  0.50   99516      14   99509  6565781  65.98
2010-2017       16      0.00020  0.00020  0.50   99502      20   99492  6466273  64.99
2010-2017       17      0.00023  0.00023  0.50   99482      23   99470  6366781  64.00
2010-2017       18      0.00032  0.00032  0.50   99459      32   99443  6267310  63.01
2010-2017       19      0.00032  0.00032  0.50   99428      32   99411  6167867  62.03
2010-2017       20      0.00034  0.00034  0.50   99395      34   99379  6068456  61.05
2010-2017       21      0.00034  0.00034  0.50   99362      33   99345  5969077  60.07
2010-2017       22      0.00033  0.00033  0.50   99328      33   99312  5869732  59.09
2010-2017       23      0.00036  0.00036  0.50   99295      35   99277  5770420  58.11
2010-2017       24      0.00035  0.00035  0.50   99260      35   99242  5671143  57.13
2010-2017       25      0.00035  0.00035  0.50   99225      35   99207  5571901  56.15
2010-2017       26      0.00037  0.00037  0.50   99190      36   99172  5472693  55.17
2010-2017       27      0.00039  0.00039  0.50   99153      39   99134  5373522  54.19
2010-2017       28      0.00040  0.00040  0.50   99115      40   99095  5274388  53.21
2010-2017       29      0.00044  0.00044  0.50   99075      43   99054  5175293  52.24
2010-2017       30      0.00045  0.00045  0.50   99032      45   99010  5076239  51.26
2010-2017       31      0.00049  0.00049  0.50   98987      49   98963  4977229  50.28
2010-2017       32      0.00052  0.00052  0.50   98938      52   98912  4878267  49.31
2010-2017       33      0.00056  0.00056  0.50   98886      55   98859  4779354  48.33
2010-2017       34      0.00060  0.00060  0.50   98831      59   98801  4680495  47.36
2010-2017       35      0.00063  0.00063  0.50   98772      62   98741  4581694  46.39
2010-2017       36      0.00068  0.00068  0.50   98709      67   98676  4482954  45.42
2010-2017       37      0.00072  0.00072  0.50   98642      71   98607  4384278  44.45
2010-2017       38      0.00082  0.00082  0.50   98571      81   98530  4285671  43.48
2010-2017       39      0.00088  0.00088  0.50   98490      87   98447  4187140  42.51
2010-2017       40      0.00098  0.00098  0.50   98403      96   98355  4088694  41.55
2010-2017       41      0.00106  0.00106  0.50   98307     104   98255  3990339  40.59
2010-2017       42      0.00119  0.00119  0.50   98203     117   98144  3892084  39.63
2010-2017       43      0.00132  0.00132  0.50   98086     129   98022  3793939  38.68
2010-2017       44      0.00147  0.00147  0.50   97957     144   97885  3695918  37.73
2010-2017       45      0.00164  0.00164  0.50   97813     160   97733  3598033  36.78
2010-2017       46      0.00182  0.00182  0.50   97652     178   97564  3500300  35.84
2010-2017       47      0.00206  0.00206  0.50   97475     201   97374  3402737  34.91
2010-2017       48      0.00228  0.00228  0.50   97274     222   97163  3305362  33.98
2010-2017       49      0.00259  0.00258  0.50   97052     251   96927  3208199  33.06
2010-2017       50      0.00285  0.00285  0.50   96802     276   96664  3111272  32.14
2010-2017       51      0.00323  0.00322  0.50   96526     311   96371  3014609  31.23
2010-2017       52      0.00360  0.00359  0.50   96215     345   96042  2918238  30.33
2010-2017       53      0.00400  0.00399  0.50   95870     382   95679  2822195  29.44
2010-2017       54      0.00445  0.00444  0.50   95487     424   95276  2726517  28.55
2010-2017       55      0.00487  0.00486  0.50   95064     462   94833  2631241  27.68
2010-2017       56      0.00535  0.00533  0.50   94602     505   94349  2536408  26.81
2010-2017       57      0.00586  0.00584  0.50   94097     550   93822  2442059  25.95
2010-2017       58      0.00647  0.00645  0.50   93548     603   93246  2348237  25.10
2010-2017       59      0.00705  0.00702  0.50   92944     653   92618  2254991  24.26
2010-2017       60      0.00774  0.00771  0.50   92291     711   91936  2162373  23.43
2010-2017       61      0.00838  0.00834  0.50   91580     764   91198  2070437  22.61
2010-2017       62      0.00903  0.00899  0.50   90817     816   90408  1979239  21.79
2010-2017       63      0.00979  0.00974  0.50   90000     877   89562  1888830  20.99
2010-2017       64      0.01069  0.01063  0.50   89123     948   88649  1799268  20.19
2010-2017       65      0.01156  0.01149  0.50   88176    1013   87669  1710619  19.40
2010-2017       66      0.01254  0.01246  0.50   87162    1086   86619  1622950  18.62
2010-2017       67      0.01350  0.01341  0.50   86076    1155   85499  1536331  17.85
2010-2017       68      0.01464  0.01453  0.50   84922    1234   84305  1450832  17.08
2010-2017       69      0.01571  0.01559  0.50   83688    1305   83035  1366527  16.33
2010-2017       70      0.01717  0.01703  0.50   82383    1403   81682  1283492  15.58
2010-2017       71      0.01862  0.01845  0.50   80980    1494   80233  1201810  14.84
2010-2017       72      0.02023  0.02003  0.50   79486    1592   78690  1121577  14.11
2010-2017       73      0.02219  0.02194  0.50   77894    1709   77039  1042887  13.39
2010-2017       74      0.02427  0.02398  0.50   76185    1827   75271   965848  12.68
2010-2017       75      0.02718  0.02681  0.50   74358    1994   73361   890576  11.98
2010-2017       76      0.03022  0.02977  0.50   72364    2155   71287   817215  11.29
2010-2017       77      0.03385  0.03329  0.50   70210    2337   69041   745928  10.62
2010-2017       78      0.03822  0.03750  0.50   67873    2545   66600   676886   9.97
2010-2017       79      0.04335  0.04243  0.50   65327    2772   63941   610286   9.34
2010-2017       80      0.04932  0.04813  0.50   62555    3011   61050   546345   8.73
2010-2017       81      0.05634  0.05479  0.50   59544    3263   57913   485295   8.15
2010-2017       82      0.06433  0.06233  0.50   56282    3508   54528   427382   7.59
2010-2017       83      0.07272  0.07017  0.50   52774    3703   50922   372855   7.07
2010-2017       84      0.08274  0.07945  0.50   49071    3899   47121   321932   6.56
2010-2017       85      0.09400  0.08978  0.50   45172    4056   43144   274811   6.08
2010-2017       86      0.10657  0.10118  0.50   41116    4160   39036   231667   5.63
2010-2017       87      0.12022  0.11340  0.50   36956    4191   34861   192631   5.21
2010-2017       88      0.13631  0.12761  0.50   32765    4181   30675   157770   4.82
2010-2017       89      0.15370  0.14273  0.50   28584    4080   26544   127095   4.45
2010-2017       90      0.17478  0.16073  0.50   24504    3939   22535   100551   4.10
2010-2017       91      0.19523  0.17786  0.50   20566    3658   18737    78016   3.79
2010-2017       92      0.21844  0.19693  0.50   16908    3330   15243    59279   3.51
2010-2017       93      0.24213  0.21598  0.50   13578    2933   12112    44036   3.24
2010-2017       94      0.26670  0.23532  0.50   10645    2505    9393    31925   3.00
2010-2017       95      0.29882  0.25998  0.50    8140    2116    7082    22532   2.77
2010-2017       96      0.33016  0.28338  0.50    6024    1707    5170    15450   2.56
2010-2017       97      0.36322  0.30740  0.50    4317    1327    3653    10279   2.38
2010-2017       98      0.39778  0.33179  0.50    2990     992    2494     6626   2.22
2010-2017       99      0.43353  0.35629  0.50    1998     712    1642     4132   2.07
2010-2017      100      0.47011  0.38064  0.50    1286     490    1041     2490   1.94
2010-2017      101      0.50713  0.40455  0.50     797     322     635     1449   1.82
2010-2017      102      0.54419  0.42779  0.50     474     203     373      813   1.71
2010-2017      103      0.58085  0.45013  0.50     271     122     210      440   1.62
2010-2017      104      0.61673  0.47138  0.50     149      70     114      230   1.54
2010-2017      105      0.65145  0.49139  0.50      79      39      60      116   1.47
2010-2017      106      0.68470  0.51008  0.50      40      20      30       57   1.41
2010-2017      107      0.71620  0.52736  0.50      20      10      14       27   1.36
2010-2017      108      0.74577  0.54321  0.50       9       5       7       12   1.31
2010-2017      109      0.77327  0.55766  0.50       4       2       3        5   1.28
2010-2017      110+     0.79862  1.00000  1.25       2       2       2        2   1.25
