East Germany, Life tables (period 1x10), Total	Last modified: 17 Dec 2018;  Methods Protocol: v6 (2017)

  Year          Age         mx       qx    ax      lx      dx      Lx       Tx     ex
1956-1959        0      0.04557  0.04396  0.20  100000    4396   96472  6866964  68.67
1956-1959        1      0.00385  0.00385  0.50   95604     368   95420  6770492  70.82
1956-1959        2      0.00177  0.00177  0.50   95236     169   95152  6675072  70.09
1956-1959        3      0.00120  0.00120  0.50   95067     114   95010  6579920  69.21
1956-1959        4      0.00090  0.00090  0.50   94953      85   94910  6484910  68.30
1956-1959        5      0.00077  0.00077  0.50   94868      73   94831  6390000  67.36
1956-1959        6      0.00061  0.00061  0.50   94795      58   94766  6295169  66.41
1956-1959        7      0.00060  0.00060  0.50   94737      57   94708  6200403  65.45
1956-1959        8      0.00051  0.00051  0.50   94680      49   94656  6105694  64.49
1956-1959        9      0.00054  0.00054  0.50   94631      51   94606  6011039  63.52
1956-1959       10      0.00046  0.00046  0.50   94580      43   94558  5916433  62.55
1956-1959       11      0.00046  0.00046  0.50   94537      43   94515  5821875  61.58
1956-1959       12      0.00042  0.00042  0.50   94493      40   94474  5727360  60.61
1956-1959       13      0.00049  0.00049  0.50   94454      47   94431  5632886  59.64
1956-1959       14      0.00054  0.00054  0.50   94407      51   94382  5538456  58.67
1956-1959       15      0.00063  0.00063  0.50   94356      60   94326  5444074  57.70
1956-1959       16      0.00075  0.00075  0.50   94297      70   94261  5349747  56.73
1956-1959       17      0.00086  0.00086  0.50   94226      81   94186  5255486  55.78
1956-1959       18      0.00101  0.00101  0.50   94145      95   94098  5161300  54.82
1956-1959       19      0.00116  0.00116  0.50   94050     109   93996  5067203  53.88
1956-1959       20      0.00120  0.00120  0.50   93941     113   93885  4973207  52.94
1956-1959       21      0.00126  0.00125  0.50   93828     118   93770  4879322  52.00
1956-1959       22      0.00125  0.00125  0.50   93711     117   93652  4785552  51.07
1956-1959       23      0.00124  0.00124  0.50   93594     116   93536  4691900  50.13
1956-1959       24      0.00124  0.00124  0.50   93478     116   93420  4598364  49.19
1956-1959       25      0.00127  0.00127  0.50   93362     118   93303  4504945  48.25
1956-1959       26      0.00131  0.00131  0.50   93244     122   93183  4411642  47.31
1956-1959       27      0.00134  0.00134  0.50   93121     125   93059  4318459  46.37
1956-1959       28      0.00126  0.00126  0.50   92997     117   92938  4225400  45.44
1956-1959       29      0.00137  0.00137  0.50   92880     127   92816  4132462  44.49
1956-1959       30      0.00143  0.00143  0.50   92753     132   92687  4039645  43.55
1956-1959       31      0.00143  0.00142  0.50   92620     132   92554  3946959  42.61
1956-1959       32      0.00158  0.00158  0.50   92489     146   92416  3854404  41.67
1956-1959       33      0.00157  0.00157  0.50   92343     145   92270  3761989  40.74
1956-1959       34      0.00176  0.00176  0.50   92198     162   92116  3669718  39.80
1956-1959       35      0.00181  0.00181  0.50   92035     166   91952  3577602  38.87
1956-1959       36      0.00200  0.00200  0.50   91869     183   91777  3485650  37.94
1956-1959       37      0.00206  0.00206  0.50   91685     188   91591  3393873  37.02
1956-1959       38      0.00216  0.00216  0.50   91497     197   91398  3302282  36.09
1956-1959       39      0.00229  0.00228  0.50   91300     208   91195  3210883  35.17
1956-1959       40      0.00239  0.00239  0.50   91091     218   90982  3119688  34.25
1956-1959       41      0.00275  0.00275  0.50   90874     249   90749  3028706  33.33
1956-1959       42      0.00287  0.00287  0.50   90624     260   90494  2937957  32.42
1956-1959       43      0.00316  0.00315  0.50   90364     285   90222  2847463  31.51
1956-1959       44      0.00331  0.00330  0.50   90079     298   89930  2757241  30.61
1956-1959       45      0.00361  0.00361  0.50   89781     324   89620  2667311  29.71
1956-1959       46      0.00399  0.00398  0.50   89458     356   89280  2577691  28.81
1956-1959       47      0.00433  0.00432  0.50   89102     385   88909  2488412  27.93
1956-1959       48      0.00464  0.00463  0.50   88717     411   88511  2399503  27.05
1956-1959       49      0.00511  0.00510  0.50   88306     450   88080  2310991  26.17
1956-1959       50      0.00576  0.00574  0.50   87855     504   87603  2222911  25.30
1956-1959       51      0.00629  0.00627  0.50   87351     547   87078  2135308  24.45
1956-1959       52      0.00687  0.00684  0.50   86804     594   86507  2048230  23.60
1956-1959       53      0.00766  0.00763  0.50   86210     658   85881  1961723  22.76
1956-1959       54      0.00846  0.00843  0.50   85552     721   85191  1875842  21.93
1956-1959       55      0.00944  0.00939  0.50   84831     797   84432  1790651  21.11
1956-1959       56      0.01046  0.01040  0.50   84034     874   83597  1706219  20.30
1956-1959       57      0.01150  0.01143  0.50   83160     951   82685  1622622  19.51
1956-1959       58      0.01251  0.01243  0.50   82209    1022   81698  1539937  18.73
1956-1959       59      0.01388  0.01378  0.50   81187    1119   80628  1458239  17.96
1956-1959       60      0.01523  0.01512  0.50   80068    1210   79463  1377612  17.21
1956-1959       61      0.01634  0.01621  0.50   78858    1278   78219  1298149  16.46
1956-1959       62      0.01801  0.01785  0.50   77580    1384   76887  1219930  15.72
1956-1959       63      0.01998  0.01979  0.50   76195    1508   75441  1143043  15.00
1956-1959       64      0.02162  0.02139  0.50   74688    1598   73889  1067601  14.29
1956-1959       65      0.02407  0.02378  0.50   73090    1738   72221   993713  13.60
1956-1959       66      0.02656  0.02622  0.50   71352    1871   70416   921492  12.91
1956-1959       67      0.02935  0.02893  0.50   69481    2010   68476   851075  12.25
1956-1959       68      0.03265  0.03213  0.50   67471    2168   66387   782599  11.60
1956-1959       69      0.03637  0.03572  0.50   65304    2333   64137   716212  10.97
1956-1959       70      0.04091  0.04009  0.50   62971    2524   61709   652075  10.36
1956-1959       71      0.04506  0.04407  0.50   60446    2664   59114   590366   9.77
1956-1959       72      0.05087  0.04961  0.50   57782    2867   56349   531252   9.19
1956-1959       73      0.05648  0.05492  0.50   54916    3016   53408   474903   8.65
1956-1959       74      0.06320  0.06127  0.50   51900    3180   50310   421495   8.12
1956-1959       75      0.07044  0.06805  0.50   48720    3315   47062   371185   7.62
1956-1959       76      0.07821  0.07527  0.50   45405    3418   43696   324123   7.14
1956-1959       77      0.08741  0.08375  0.50   41987    3516   40229   280427   6.68
1956-1959       78      0.09647  0.09203  0.50   38471    3540   36700   240198   6.24
1956-1959       79      0.10869  0.10309  0.50   34930    3601   33130   203498   5.83
1956-1959       80      0.12271  0.11561  0.50   31329    3622   29518   170368   5.44
1956-1959       81      0.13499  0.12646  0.50   27707    3504   25955   140850   5.08
1956-1959       82      0.15081  0.14024  0.50   24203    3394   22506   114895   4.75
1956-1959       83      0.16476  0.15222  0.50   20809    3168   19225    92388   4.44
1956-1959       84      0.18170  0.16657  0.50   17642    2939   16172    73163   4.15
1956-1959       85      0.20027  0.18204  0.50   14703    2677   13365    56991   3.88
1956-1959       86      0.21917  0.19753  0.50   12026    2376   10839    43626   3.63
1956-1959       87      0.23606  0.21114  0.50    9651    2038    8632    32787   3.40
1956-1959       88      0.26636  0.23505  0.50    7613    1790    6718    24155   3.17
1956-1959       89      0.27959  0.24530  0.50    5824    1429    5109    17436   2.99
1956-1959       90      0.30446  0.26424  0.50    4395    1161    3814    12327   2.80
1956-1959       91      0.33100  0.28400  0.50    3234     918    2775     8513   2.63
1956-1959       92      0.35825  0.30383  0.50    2315     703    1964     5738   2.48
1956-1959       93      0.39211  0.32783  0.50    1612     528    1348     3774   2.34
1956-1959       94      0.39108  0.32711  0.50    1083     354     906     2427   2.24
1956-1959       95      0.43968  0.36044  0.50     729     263     598     1520   2.09
1956-1959       96      0.46787  0.37917  0.50     466     177     378      923   1.98
1956-1959       97      0.49623  0.39759  0.50     289     115     232      545   1.88
1956-1959       98      0.52461  0.41560  0.50     174      72     138      313   1.79
1956-1959       99      0.55283  0.43311  0.50     102      44      80      175   1.71
1956-1959      100      0.58070  0.45004  0.50      58      26      45       95   1.64
1956-1959      101      0.60808  0.46631  0.50      32      15      24       50   1.58
1956-1959      102      0.63481  0.48186  0.50      17       8      13       26   1.52
1956-1959      103      0.66075  0.49667  0.50       9       4       7       13   1.46
1956-1959      104      0.68578  0.51068  0.50       4       2       3        6   1.42
1956-1959      105      0.70981  0.52388  0.50       2       1       2        3   1.37
1956-1959      106      0.73273  0.53626  0.50       1       1       1        1   1.34
1956-1959      107      0.75451  0.54783  0.50       0       0       0        1   1.30
1956-1959      108      0.77508  0.55860  0.50       0       0       0        0   1.27
1956-1959      109      0.79442  0.56857  0.50       0       0       0        0   1.25
1956-1959      110+     0.81252  1.00000  1.23       0       0       0        0   1.23
1960-1969        0      0.02804  0.02738  0.14  100000    2738   97633  7036245  70.36
1960-1969        1      0.00232  0.00232  0.50   97262     225   97149  6938612  71.34
1960-1969        2      0.00122  0.00122  0.50   97037     119   96977  6841463  70.50
1960-1969        3      0.00085  0.00085  0.50   96918      82   96877  6744485  69.59
1960-1969        4      0.00070  0.00070  0.50   96836      67   96802  6647608  68.65
1960-1969        5      0.00058  0.00058  0.50   96768      56   96740  6550806  67.70
1960-1969        6      0.00052  0.00052  0.50   96712      50   96687  6454066  66.73
1960-1969        7      0.00048  0.00048  0.50   96662      46   96639  6357379  65.77
1960-1969        8      0.00044  0.00044  0.50   96616      42   96595  6260740  64.80
1960-1969        9      0.00040  0.00040  0.50   96574      39   96554  6164145  63.83
1960-1969       10      0.00039  0.00039  0.50   96535      37   96516  6067591  62.85
1960-1969       11      0.00037  0.00037  0.50   96497      36   96480  5971075  61.88
1960-1969       12      0.00037  0.00037  0.50   96462      35   96444  5874595  60.90
1960-1969       13      0.00041  0.00041  0.50   96426      39   96407  5778151  59.92
1960-1969       14      0.00044  0.00044  0.50   96387      43   96366  5681745  58.95
1960-1969       15      0.00052  0.00052  0.50   96344      50   96319  5585379  57.97
1960-1969       16      0.00068  0.00068  0.50   96295      65   96262  5489059  57.00
1960-1969       17      0.00079  0.00079  0.50   96229      76   96191  5392797  56.04
1960-1969       18      0.00099  0.00099  0.50   96153      96   96105  5296606  55.09
1960-1969       19      0.00114  0.00114  0.50   96057     110   96003  5200501  54.14
1960-1969       20      0.00119  0.00119  0.50   95948     114   95891  5104498  53.20
1960-1969       21      0.00115  0.00115  0.50   95834     110   95778  5008608  52.26
1960-1969       22      0.00116  0.00116  0.50   95723     111   95668  4912829  51.32
1960-1969       23      0.00112  0.00112  0.50   95612     107   95559  4817161  50.38
1960-1969       24      0.00112  0.00112  0.50   95506     107   95452  4721602  49.44
1960-1969       25      0.00111  0.00111  0.50   95398     106   95345  4626150  48.49
1960-1969       26      0.00112  0.00112  0.50   95292     107   95239  4530805  47.55
1960-1969       27      0.00114  0.00114  0.50   95185     109   95131  4435566  46.60
1960-1969       28      0.00116  0.00115  0.50   95077     110   95022  4340436  45.65
1960-1969       29      0.00124  0.00124  0.50   94967     117   94908  4245414  44.70
1960-1969       30      0.00129  0.00129  0.50   94850     123   94788  4150506  43.76
1960-1969       31      0.00136  0.00136  0.50   94727     128   94663  4055717  42.81
1960-1969       32      0.00138  0.00138  0.50   94599     130   94533  3961055  41.87
1960-1969       33      0.00146  0.00146  0.50   94468     138   94399  3866521  40.93
1960-1969       34      0.00153  0.00153  0.50   94330     144   94258  3772122  39.99
1960-1969       35      0.00165  0.00165  0.50   94186     155   94108  3677864  39.05
1960-1969       36      0.00179  0.00178  0.50   94031     168   93947  3583756  38.11
1960-1969       37      0.00189  0.00189  0.50   93863     178   93774  3489809  37.18
1960-1969       38      0.00196  0.00196  0.50   93685     184   93594  3396035  36.25
1960-1969       39      0.00214  0.00214  0.50   93502     200   93402  3302441  35.32
1960-1969       40      0.00234  0.00234  0.50   93302     218   93193  3209039  34.39
1960-1969       41      0.00246  0.00246  0.50   93084     229   92969  3115847  33.47
1960-1969       42      0.00274  0.00273  0.50   92855     254   92728  3022878  32.55
1960-1969       43      0.00289  0.00289  0.50   92601     268   92467  2930150  31.64
1960-1969       44      0.00318  0.00317  0.50   92333     293   92187  2837683  30.73
1960-1969       45      0.00351  0.00351  0.50   92040     323   91879  2745496  29.83
1960-1969       46      0.00386  0.00386  0.50   91717     354   91540  2653618  28.93
1960-1969       47      0.00420  0.00419  0.50   91363     383   91172  2562077  28.04
1960-1969       48      0.00451  0.00450  0.50   90981     409   90776  2470905  27.16
1960-1969       49      0.00503  0.00502  0.50   90571     455   90344  2380129  26.28
1960-1969       50      0.00535  0.00534  0.50   90117     481   89876  2289785  25.41
1960-1969       51      0.00598  0.00596  0.50   89636     534   89369  2199909  24.54
1960-1969       52      0.00652  0.00650  0.50   89102     579   88812  2110541  23.69
1960-1969       53      0.00708  0.00706  0.50   88523     625   88210  2021728  22.84
1960-1969       54      0.00783  0.00779  0.50   87898     685   87556  1933518  22.00
1960-1969       55      0.00861  0.00857  0.50   87213     748   86839  1845962  21.17
1960-1969       56      0.00950  0.00945  0.50   86465     817   86057  1759123  20.34
1960-1969       57      0.01065  0.01059  0.50   85648     907   85194  1673066  19.53
1960-1969       58      0.01201  0.01194  0.50   84741    1012   84235  1587872  18.74
1960-1969       59      0.01325  0.01316  0.50   83729    1102   83178  1503637  17.96
1960-1969       60      0.01473  0.01463  0.50   82627    1209   82023  1420459  17.19
1960-1969       61      0.01645  0.01632  0.50   81419    1329   80754  1338436  16.44
1960-1969       62      0.01832  0.01815  0.50   80090    1454   79363  1257682  15.70
1960-1969       63      0.02013  0.01993  0.50   78636    1567   77852  1178319  14.98
1960-1969       64      0.02218  0.02194  0.50   77069    1691   76223  1100467  14.28
1960-1969       65      0.02463  0.02433  0.50   75378    1834   74461  1024244  13.59
1960-1969       66      0.02741  0.02704  0.50   73544    1989   72550   949782  12.91
1960-1969       67      0.03004  0.02960  0.50   71555    2118   70496   877233  12.26
1960-1969       68      0.03297  0.03243  0.50   69437    2252   68311   806737  11.62
1960-1969       69      0.03677  0.03611  0.50   67185    2426   65972   738425  10.99
1960-1969       70      0.04049  0.03969  0.50   64759    2570   63474   672453  10.38
1960-1969       71      0.04487  0.04389  0.50   62189    2729   60825   608979   9.79
1960-1969       72      0.05009  0.04887  0.50   59460    2906   58007   548154   9.22
1960-1969       73      0.05563  0.05413  0.50   56554    3061   55024   490147   8.67
1960-1969       74      0.06204  0.06018  0.50   53493    3219   51884   435123   8.13
1960-1969       75      0.06914  0.06683  0.50   50274    3360   48594   383239   7.62
1960-1969       76      0.07728  0.07441  0.50   46914    3491   45169   334645   7.13
1960-1969       77      0.08670  0.08310  0.50   43424    3608   41620   289476   6.67
1960-1969       78      0.09683  0.09236  0.50   39815    3677   37977   247856   6.23
1960-1969       79      0.10783  0.10232  0.50   36138    3698   34289   209880   5.81
1960-1969       80      0.12174  0.11475  0.50   32441    3723   30579   175590   5.41
1960-1969       81      0.13523  0.12667  0.50   28718    3638   26899   145011   5.05
1960-1969       82      0.15104  0.14044  0.50   25080    3522   23319   118112   4.71
1960-1969       83      0.16608  0.15335  0.50   21558    3306   19905    94793   4.40
1960-1969       84      0.18425  0.16871  0.50   18252    3079   16713    74888   4.10
1960-1969       85      0.20150  0.18306  0.50   15173    2777   13784    58175   3.83
1960-1969       86      0.22042  0.19854  0.50   12395    2461   11165    44391   3.58
1960-1969       87      0.24109  0.21515  0.50    9934    2137    8866    33226   3.34
1960-1969       88      0.26303  0.23246  0.50    7797    1812    6891    24361   3.12
1960-1969       89      0.28553  0.24986  0.50    5985    1495    5237    17470   2.92
1960-1969       90      0.31605  0.27292  0.50    4489    1225    3877    12233   2.73
1960-1969       91      0.34316  0.29291  0.50    3264     956    2786     8357   2.56
1960-1969       92      0.36526  0.30885  0.50    2308     713    1952     5571   2.41
1960-1969       93      0.39688  0.33116  0.50    1595     528    1331     3619   2.27
1960-1969       94      0.42338  0.34941  0.50    1067     373     881     2288   2.14
1960-1969       95      0.45300  0.36934  0.50     694     256     566     1407   2.03
1960-1969       96      0.48254  0.38875  0.50     438     170     353      842   1.92
1960-1969       97      0.51221  0.40777  0.50     268     109     213      489   1.83
1960-1969       98      0.54181  0.42632  0.50     158      68     125      276   1.74
1960-1969       99      0.57113  0.44426  0.50      91      40      71      151   1.66
1960-1969      100      0.59998  0.46153  0.50      51      23      39       80   1.59
1960-1969      101      0.62818  0.47803  0.50      27      13      21       42   1.53
1960-1969      102      0.65555  0.49372  0.50      14       7      11       21   1.47
1960-1969      103      0.68195  0.50855  0.50       7       4       5       10   1.42
1960-1969      104      0.70726  0.52249  0.50       4       2       3        5   1.38
1960-1969      105      0.73136  0.53553  0.50       2       1       1        2   1.34
1960-1969      106      0.75420  0.54767  0.50       1       0       1        1   1.30
1960-1969      107      0.77572  0.55893  0.50       0       0       0        0   1.27
1960-1969      108      0.79588  0.56932  0.50       0       0       0        0   1.24
1960-1969      109      0.81468  0.57888  0.50       0       0       0        0   1.22
1960-1969      110+     0.83214  1.00000  1.20       0       0       0        0   1.20
1970-1979        0      0.01563  0.01542  0.12  100000    1542   98639  7171373  71.71
1970-1979        1      0.00118  0.00118  0.50   98458     116   98400  7072735  71.83
1970-1979        2      0.00070  0.00070  0.50   98342      69   98308  6974335  70.92
1970-1979        3      0.00055  0.00055  0.50   98273      54   98246  6876027  69.97
1970-1979        4      0.00047  0.00047  0.50   98219      47   98196  6777781  69.01
1970-1979        5      0.00044  0.00044  0.50   98172      43   98151  6679585  68.04
1970-1979        6      0.00044  0.00044  0.50   98129      43   98108  6581434  67.07
1970-1979        7      0.00041  0.00041  0.50   98086      40   98066  6483327  66.10
1970-1979        8      0.00038  0.00038  0.50   98046      37   98028  6385261  65.12
1970-1979        9      0.00032  0.00032  0.50   98009      31   97994  6287233  64.15
1970-1979       10      0.00031  0.00031  0.50   97978      30   97963  6189239  63.17
1970-1979       11      0.00029  0.00029  0.50   97948      28   97934  6091276  62.19
1970-1979       12      0.00032  0.00032  0.50   97919      31   97904  5993343  61.21
1970-1979       13      0.00032  0.00032  0.50   97888      31   97872  5895439  60.23
1970-1979       14      0.00039  0.00039  0.50   97857      38   97838  5797567  59.25
1970-1979       15      0.00054  0.00054  0.50   97818      52   97792  5699729  58.27
1970-1979       16      0.00067  0.00067  0.50   97766      66   97733  5601937  57.30
1970-1979       17      0.00079  0.00079  0.50   97700      77   97662  5504204  56.34
1970-1979       18      0.00103  0.00103  0.50   97623     101   97573  5406542  55.38
1970-1979       19      0.00105  0.00105  0.50   97522     102   97471  5308969  54.44
1970-1979       20      0.00107  0.00107  0.50   97420     104   97368  5211498  53.50
1970-1979       21      0.00108  0.00108  0.50   97316     105   97264  5114130  52.55
1970-1979       22      0.00102  0.00102  0.50   97211      99   97162  5016866  51.61
1970-1979       23      0.00102  0.00102  0.50   97112      99   97063  4919705  50.66
1970-1979       24      0.00094  0.00094  0.50   97013      91   96968  4822642  49.71
1970-1979       25      0.00097  0.00097  0.50   96922      94   96875  4725674  48.76
1970-1979       26      0.00100  0.00100  0.50   96828      97   96779  4628799  47.80
1970-1979       27      0.00101  0.00101  0.50   96731      98   96682  4532020  46.85
1970-1979       28      0.00102  0.00102  0.50   96633      98   96584  4435338  45.90
1970-1979       29      0.00111  0.00111  0.50   96534     107   96481  4338754  44.95
1970-1979       30      0.00110  0.00110  0.50   96428     106   96375  4242273  43.99
1970-1979       31      0.00124  0.00124  0.50   96321     119   96262  4145899  43.04
1970-1979       32      0.00121  0.00121  0.50   96202     117   96144  4049637  42.09
1970-1979       33      0.00130  0.00130  0.50   96086     125   96023  3953493  41.15
1970-1979       34      0.00140  0.00140  0.50   95961     134   95894  3857470  40.20
1970-1979       35      0.00148  0.00148  0.50   95826     142   95755  3761576  39.25
1970-1979       36      0.00158  0.00158  0.50   95684     151   95609  3665821  38.31
1970-1979       37      0.00175  0.00175  0.50   95533     167   95450  3570212  37.37
1970-1979       38      0.00195  0.00195  0.50   95366     186   95273  3474762  36.44
1970-1979       39      0.00205  0.00205  0.50   95180     195   95083  3379489  35.51
1970-1979       40      0.00236  0.00236  0.50   94985     224   94873  3284406  34.58
1970-1979       41      0.00259  0.00259  0.50   94761     245   94639  3189533  33.66
1970-1979       42      0.00280  0.00279  0.50   94516     264   94384  3094894  32.74
1970-1979       43      0.00309  0.00309  0.50   94252     291   94107  3000510  31.83
1970-1979       44      0.00334  0.00333  0.50   93961     313   93804  2906403  30.93
1970-1979       45      0.00364  0.00364  0.50   93648     341   93478  2812599  30.03
1970-1979       46      0.00392  0.00391  0.50   93307     365   93125  2719121  29.14
1970-1979       47      0.00428  0.00427  0.50   92943     397   92744  2625996  28.25
1970-1979       48      0.00470  0.00469  0.50   92546     434   92329  2533252  27.37
1970-1979       49      0.00503  0.00502  0.50   92112     462   91881  2440923  26.50
1970-1979       50      0.00554  0.00552  0.50   91650     506   91397  2349042  25.63
1970-1979       51      0.00594  0.00592  0.50   91144     539   90874  2257645  24.77
1970-1979       52      0.00627  0.00625  0.50   90604     567   90321  2166771  23.91
1970-1979       53      0.00709  0.00707  0.50   90038     637   89720  2076450  23.06
1970-1979       54      0.00766  0.00763  0.50   89401     682   89060  1986730  22.22
1970-1979       55      0.00838  0.00834  0.50   88719     740   88349  1897670  21.39
1970-1979       56      0.00920  0.00916  0.50   87979     806   87576  1809321  20.57
1970-1979       57      0.01032  0.01027  0.50   87173     895   86726  1721745  19.75
1970-1979       58      0.01128  0.01121  0.50   86278     968   85794  1635019  18.95
1970-1979       59      0.01224  0.01216  0.50   85310    1038   84792  1549225  18.16
1970-1979       60      0.01337  0.01328  0.50   84273    1119   83713  1464433  17.38
1970-1979       61      0.01515  0.01503  0.50   83154    1250   82529  1380720  16.60
1970-1979       62      0.01705  0.01691  0.50   81904    1385   81211  1298191  15.85
1970-1979       63      0.01886  0.01868  0.50   80519    1504   79767  1216980  15.11
1970-1979       64      0.02088  0.02066  0.50   79015    1632   78198  1137213  14.39
1970-1979       65      0.02335  0.02308  0.50   77382    1786   76489  1059015  13.69
1970-1979       66      0.02625  0.02591  0.50   75596    1959   74617   982526  13.00
1970-1979       67      0.02940  0.02898  0.50   73638    2134   72571   907909  12.33
1970-1979       68      0.03266  0.03214  0.50   71504    2298   70355   835338  11.68
1970-1979       69      0.03677  0.03610  0.50   69206    2499   67956   764983  11.05
1970-1979       70      0.04092  0.04010  0.50   66707    2675   65370   697027  10.45
1970-1979       71      0.04585  0.04483  0.50   64032    2870   62597   631657   9.86
1970-1979       72      0.05101  0.04975  0.50   61162    3043   59640   569060   9.30
1970-1979       73      0.05676  0.05519  0.50   58119    3208   56515   509420   8.77
1970-1979       74      0.06302  0.06110  0.50   54911    3355   53234   452905   8.25
1970-1979       75      0.06970  0.06735  0.50   51556    3472   49820   399671   7.75
1970-1979       76      0.07711  0.07425  0.50   48084    3570   46299   349851   7.28
1970-1979       77      0.08590  0.08236  0.50   44514    3666   42681   303552   6.82
1970-1979       78      0.09460  0.09033  0.50   40847    3690   39003   260871   6.39
1970-1979       79      0.10517  0.09991  0.50   37158    3713   35301   221869   5.97
1970-1979       80      0.11750  0.11098  0.50   33445    3712   31589   186567   5.58
1970-1979       81      0.12909  0.12126  0.50   29733    3606   27931   154978   5.21
1970-1979       82      0.14314  0.13358  0.50   26128    3490   24383   127047   4.86
1970-1979       83      0.15996  0.14811  0.50   22638    3353   20961   102665   4.54
1970-1979       84      0.17561  0.16143  0.50   19285    3113   17728    81703   4.24
1970-1979       85      0.19307  0.17607  0.50   16172    2847   14748    63975   3.96
1970-1979       86      0.21171  0.19144  0.50   13324    2551   12049    49227   3.69
1970-1979       87      0.23300  0.20869  0.50   10773    2248    9649    37178   3.45
1970-1979       88      0.25391  0.22531  0.50    8525    1921    7565    27529   3.23
1970-1979       89      0.27737  0.24359  0.50    6604    1609    5800    19964   3.02
1970-1979       90      0.29866  0.25985  0.50    4996    1298    4347    14164   2.84
1970-1979       91      0.32901  0.28254  0.50    3697    1045    3175     9818   2.66
1970-1979       92      0.35534  0.30173  0.50    2653     800    2253     6643   2.50
1970-1979       93      0.37319  0.31451  0.50    1852     583    1561     4390   2.37
1970-1979       94      0.40119  0.33416  0.50    1270     424    1058     2829   2.23
1970-1979       95      0.43596  0.35794  0.50     845     303     694     1771   2.10
1970-1979       96      0.46511  0.37735  0.50     543     205     440     1077   1.98
1970-1979       97      0.49449  0.39647  0.50     338     134     271      637   1.88
1970-1979       98      0.52392  0.41516  0.50     204      85     162      366   1.79
1970-1979       99      0.55317  0.43332  0.50     119      52      93      204   1.71
1970-1979      100      0.58206  0.45085  0.50      68      30      52      111   1.64
1970-1979      101      0.61038  0.46766  0.50      37      17      28       58   1.57
1970-1979      102      0.63797  0.48368  0.50      20      10      15       30   1.51
1970-1979      103      0.66466  0.49887  0.50      10       5       8       15   1.46
1970-1979      104      0.69033  0.51319  0.50       5       3       4        7   1.41
1970-1979      105      0.71486  0.52663  0.50       2       1       2        3   1.36
1970-1979      106      0.73816  0.53917  0.50       1       1       1        2   1.33
1970-1979      107      0.76018  0.55082  0.50       1       0       0        1   1.29
1970-1979      108      0.78088  0.56161  0.50       0       0       0        0   1.26
1970-1979      109      0.80025  0.57155  0.50       0       0       0        0   1.24
1970-1979      110+     0.81828  1.00000  1.22       0       0       0        0   1.22
1980-1989        0      0.01007  0.00998  0.13  100000     998   99130  7271085  72.71
1980-1989        1      0.00096  0.00096  0.50   99002      95   98955  7171955  72.44
1980-1989        2      0.00053  0.00052  0.50   98907      52   98881  7073000  71.51
1980-1989        3      0.00041  0.00041  0.50   98855      40   98835  6974119  70.55
1980-1989        4      0.00036  0.00036  0.50   98815      36   98797  6875284  69.58
1980-1989        5      0.00032  0.00032  0.50   98779      32   98763  6776487  68.60
1980-1989        6      0.00028  0.00028  0.50   98748      27   98734  6677723  67.62
1980-1989        7      0.00030  0.00030  0.50   98720      30   98705  6578989  66.64
1980-1989        8      0.00027  0.00027  0.50   98691      27   98677  6480284  65.66
1980-1989        9      0.00025  0.00025  0.50   98664      25   98651  6381607  64.68
1980-1989       10      0.00022  0.00022  0.50   98639      21   98628  6282955  63.70
1980-1989       11      0.00023  0.00023  0.50   98618      23   98606  6184327  62.71
1980-1989       12      0.00021  0.00021  0.50   98594      21   98584  6085721  61.72
1980-1989       13      0.00027  0.00027  0.50   98573      27   98560  5987137  60.74
1980-1989       14      0.00029  0.00029  0.50   98547      29   98533  5888577  59.75
1980-1989       15      0.00046  0.00046  0.50   98518      46   98496  5790044  58.77
1980-1989       16      0.00061  0.00061  0.50   98473      60   98442  5691549  57.80
1980-1989       17      0.00074  0.00073  0.50   98412      72   98376  5593106  56.83
1980-1989       18      0.00086  0.00086  0.50   98340      85   98298  5494730  55.87
1980-1989       19      0.00091  0.00091  0.50   98255      90   98210  5396433  54.92
1980-1989       20      0.00090  0.00090  0.50   98165      88   98121  5298222  53.97
1980-1989       21      0.00090  0.00090  0.50   98077      88   98033  5200101  53.02
1980-1989       22      0.00091  0.00091  0.50   97989      89   97944  5102068  52.07
1980-1989       23      0.00084  0.00084  0.50   97900      82   97859  5004123  51.11
1980-1989       24      0.00092  0.00092  0.50   97818      90   97773  4906264  50.16
1980-1989       25      0.00089  0.00089  0.50   97728      87   97684  4808492  49.20
1980-1989       26      0.00094  0.00094  0.50   97641      91   97595  4710808  48.25
1980-1989       27      0.00092  0.00092  0.50   97549      90   97504  4613213  47.29
1980-1989       28      0.00098  0.00098  0.50   97459      96   97411  4515709  46.33
1980-1989       29      0.00108  0.00108  0.50   97364     105   97311  4418297  45.38
1980-1989       30      0.00109  0.00109  0.50   97258     106   97205  4320986  44.43
1980-1989       31      0.00114  0.00114  0.50   97152     111   97097  4223781  43.48
1980-1989       32      0.00124  0.00124  0.50   97041     120   96981  4126684  42.53
1980-1989       33      0.00128  0.00128  0.50   96921     124   96859  4029703  41.58
1980-1989       34      0.00139  0.00139  0.50   96797     134   96730  3932844  40.63
1980-1989       35      0.00147  0.00147  0.50   96663     142   96592  3836114  39.69
1980-1989       36      0.00157  0.00157  0.50   96521     152   96445  3739522  38.74
1980-1989       37      0.00168  0.00168  0.50   96369     162   96288  3643077  37.80
1980-1989       38      0.00183  0.00183  0.50   96207     176   96119  3546789  36.87
1980-1989       39      0.00197  0.00197  0.50   96031     189   95936  3450670  35.93
1980-1989       40      0.00219  0.00219  0.50   95842     210   95737  3354734  35.00
1980-1989       41      0.00239  0.00239  0.50   95632     228   95518  3258997  34.08
1980-1989       42      0.00270  0.00270  0.50   95404     257   95275  3163480  33.16
1980-1989       43      0.00287  0.00287  0.50   95146     273   95010  3068205  32.25
1980-1989       44      0.00321  0.00321  0.50   94873     304   94721  2973195  31.34
1980-1989       45      0.00352  0.00351  0.50   94569     332   94403  2878474  30.44
1980-1989       46      0.00383  0.00383  0.50   94237     361   94057  2784071  29.54
1980-1989       47      0.00428  0.00428  0.50   93877     401   93676  2690014  28.65
1980-1989       48      0.00472  0.00471  0.50   93475     440   93255  2596338  27.78
1980-1989       49      0.00531  0.00529  0.50   93035     493   92788  2503083  26.90
1980-1989       50      0.00583  0.00582  0.50   92542     538   92273  2410294  26.05
1980-1989       51      0.00638  0.00636  0.50   92004     585   91711  2318021  25.19
1980-1989       52      0.00698  0.00696  0.50   91419     636   91101  2226310  24.35
1980-1989       53      0.00770  0.00767  0.50   90783     696   90435  2135209  23.52
1980-1989       54      0.00839  0.00835  0.50   90087     752   89711  2044774  22.70
1980-1989       55      0.00906  0.00902  0.50   89334     805   88932  1955063  21.88
1980-1989       56      0.00982  0.00977  0.50   88529     865   88097  1866132  21.08
1980-1989       57      0.01054  0.01048  0.50   87664     919   87205  1778035  20.28
1980-1989       58      0.01147  0.01141  0.50   86745     989   86250  1690830  19.49
1980-1989       59      0.01236  0.01228  0.50   85756    1053   85229  1604580  18.71
1980-1989       60      0.01374  0.01365  0.50   84702    1156   84124  1519351  17.94
1980-1989       61      0.01463  0.01453  0.50   83546    1214   82939  1435227  17.18
1980-1989       62      0.01626  0.01613  0.50   82332    1328   81668  1352287  16.42
1980-1989       63      0.01774  0.01759  0.50   81004    1425   80292  1270619  15.69
1980-1989       64      0.01919  0.01900  0.50   79580    1512   78824  1190327  14.96
1980-1989       65      0.02185  0.02161  0.50   78067    1687   77224  1111503  14.24
1980-1989       66      0.02384  0.02356  0.50   76380    1799   75481  1034279  13.54
1980-1989       67      0.02630  0.02596  0.50   74581    1936   73613   958799  12.86
1980-1989       68      0.02960  0.02917  0.50   72645    2119   71585   885186  12.19
1980-1989       69      0.03306  0.03252  0.50   70526    2294   69379   813601  11.54
1980-1989       70      0.03656  0.03590  0.50   68232    2449   67007   744222  10.91
1980-1989       71      0.04105  0.04022  0.50   65783    2646   64460   677214  10.29
1980-1989       72      0.04590  0.04487  0.50   63137    2833   61720   612755   9.71
1980-1989       73      0.05139  0.05010  0.50   60303    3021   58793   551034   9.14
1980-1989       74      0.05714  0.05556  0.50   57282    3182   55691   492242   8.59
1980-1989       75      0.06374  0.06177  0.50   54100    3342   52429   436551   8.07
1980-1989       76      0.07105  0.06862  0.50   50758    3483   49016   384122   7.57
1980-1989       77      0.07991  0.07684  0.50   47275    3633   45459   335106   7.09
1980-1989       78      0.08864  0.08488  0.50   43642    3704   41790   289647   6.64
1980-1989       79      0.09947  0.09476  0.50   39938    3784   38046   247857   6.21
1980-1989       80      0.10994  0.10422  0.50   36154    3768   34270   209811   5.80
1980-1989       81      0.12238  0.11532  0.50   32386    3735   30519   175541   5.42
1980-1989       82      0.13498  0.12644  0.50   28651    3623   26840   145022   5.06
1980-1989       83      0.14966  0.13924  0.50   25028    3485   23286   118183   4.72
1980-1989       84      0.16680  0.15396  0.50   21544    3317   19885    94897   4.40
1980-1989       85      0.18243  0.16718  0.50   18227    3047   16703    75012   4.12
1980-1989       86      0.20176  0.18327  0.50   15180    2782   13789    58309   3.84
1980-1989       87      0.22073  0.19879  0.50   12398    2465   11165    44520   3.59
1980-1989       88      0.24202  0.21589  0.50    9933    2144    8861    33355   3.36
1980-1989       89      0.26306  0.23249  0.50    7789    1811    6883    24494   3.14
1980-1989       90      0.28336  0.24820  0.50    5978    1484    5236    17611   2.95
1980-1989       91      0.30778  0.26674  0.50    4494    1199    3895    12375   2.75
1980-1989       92      0.33617  0.28780  0.50    3295     948    2821     8480   2.57
1980-1989       93      0.37084  0.31283  0.50    2347     734    1980     5659   2.41
1980-1989       94      0.39023  0.32652  0.50    1613     527    1349     3679   2.28
1980-1989       95      0.42288  0.34907  0.50    1086     379     897     2329   2.14
1980-1989       96      0.45259  0.36907  0.50     707     261     577     1433   2.03
1980-1989       97      0.48268  0.38884  0.50     446     173     359      856   1.92
1980-1989       98      0.51294  0.40824  0.50     273     111     217      497   1.82
1980-1989       99      0.54313  0.42713  0.50     161      69     127      280   1.74
1980-1989      100      0.57302  0.44541  0.50      92      41      72      153   1.66
1980-1989      101      0.60241  0.46296  0.50      51      24      39       81   1.59
1980-1989      102      0.63109  0.47972  0.50      28      13      21       42   1.52
1980-1989      103      0.65887  0.49560  0.50      14       7      11       21   1.47
1980-1989      104      0.68560  0.51058  0.50       7       4       5       10   1.42
1980-1989      105      0.71115  0.52461  0.50       4       2       3        5   1.37
1980-1989      106      0.73541  0.53770  0.50       2       1       1        2   1.33
1980-1989      107      0.75832  0.54984  0.50       1       0       1        1   1.29
1980-1989      108      0.77982  0.56106  0.50       0       0       0        0   1.26
1980-1989      109      0.79989  0.57137  0.50       0       0       0        0   1.24
1980-1989      110+     0.81853  1.00000  1.22       0       0       0        0   1.22
1990-1999        0      0.00581  0.00578  0.14  100000     578   99501  7482256  74.82
1990-1999        1      0.00065  0.00065  0.50   99422      65   99389  7382755  74.26
1990-1999        2      0.00040  0.00040  0.50   99357      40   99337  7283366  73.31
1990-1999        3      0.00030  0.00030  0.50   99317      30   99302  7184029  72.33
1990-1999        4      0.00028  0.00028  0.50   99287      28   99273  7084727  71.36
1990-1999        5      0.00023  0.00023  0.50   99259      23   99247  6985454  70.38
1990-1999        6      0.00021  0.00021  0.50   99236      20   99226  6886207  69.39
1990-1999        7      0.00020  0.00020  0.50   99216      20   99206  6786981  68.41
1990-1999        8      0.00018  0.00018  0.50   99196      17   99187  6687775  67.42
1990-1999        9      0.00017  0.00017  0.50   99178      16   99170  6588588  66.43
1990-1999       10      0.00018  0.00018  0.50   99162      18   99153  6489418  65.44
1990-1999       11      0.00017  0.00017  0.50   99144      16   99136  6390265  64.45
1990-1999       12      0.00017  0.00017  0.50   99128      17   99119  6291129  63.46
1990-1999       13      0.00023  0.00023  0.50   99111      23   99100  6192010  62.48
1990-1999       14      0.00027  0.00027  0.50   99088      27   99075  6092911  61.49
1990-1999       15      0.00034  0.00034  0.50   99062      34   99045  5993836  60.51
1990-1999       16      0.00054  0.00054  0.50   99028      53   99001  5894791  59.53
1990-1999       17      0.00065  0.00065  0.50   98975      65   98942  5795790  58.56
1990-1999       18      0.00105  0.00105  0.50   98910     104   98858  5696847  57.60
1990-1999       19      0.00103  0.00103  0.50   98806     102   98755  5597989  56.66
1990-1999       20      0.00096  0.00096  0.50   98704      95   98657  5499234  55.71
1990-1999       21      0.00092  0.00092  0.50   98609      91   98564  5400577  54.77
1990-1999       22      0.00085  0.00085  0.50   98518      83   98477  5302013  53.82
1990-1999       23      0.00081  0.00081  0.50   98435      80   98395  5203537  52.86
1990-1999       24      0.00081  0.00081  0.50   98355      80   98315  5105142  51.91
1990-1999       25      0.00084  0.00084  0.50   98275      82   98234  5006827  50.95
1990-1999       26      0.00083  0.00083  0.50   98193      81   98152  4908593  49.99
1990-1999       27      0.00085  0.00085  0.50   98111      83   98070  4810441  49.03
1990-1999       28      0.00093  0.00093  0.50   98028      91   97982  4712372  48.07
1990-1999       29      0.00099  0.00099  0.50   97937      97   97888  4614389  47.12
1990-1999       30      0.00108  0.00108  0.50   97840     106   97787  4516501  46.16
1990-1999       31      0.00112  0.00112  0.50   97734     109   97679  4418714  45.21
1990-1999       32      0.00120  0.00120  0.50   97625     117   97566  4321035  44.26
1990-1999       33      0.00138  0.00138  0.50   97507     135   97440  4223469  43.31
1990-1999       34      0.00147  0.00147  0.50   97372     143   97301  4126029  42.37
1990-1999       35      0.00157  0.00156  0.50   97229     152   97153  4028728  41.44
1990-1999       36      0.00178  0.00178  0.50   97077     173   96991  3931575  40.50
1990-1999       37      0.00191  0.00191  0.50   96904     185   96812  3834584  39.57
1990-1999       38      0.00206  0.00206  0.50   96719     199   96620  3737772  38.65
1990-1999       39      0.00225  0.00225  0.50   96521     217   96412  3641152  37.72
1990-1999       40      0.00238  0.00238  0.50   96303     229   96189  3544740  36.81
1990-1999       41      0.00265  0.00264  0.50   96074     254   95947  3448552  35.89
1990-1999       42      0.00284  0.00284  0.50   95820     272   95684  3352605  34.99
1990-1999       43      0.00302  0.00301  0.50   95548     288   95404  3256921  34.09
1990-1999       44      0.00330  0.00330  0.50   95260     314   95103  3161516  33.19
1990-1999       45      0.00348  0.00347  0.50   94946     330   94781  3066413  32.30
1990-1999       46      0.00380  0.00379  0.50   94616     359   94437  2971632  31.41
1990-1999       47      0.00406  0.00406  0.50   94257     382   94066  2877196  30.52
1990-1999       48      0.00443  0.00442  0.50   93875     415   93667  2783130  29.65
1990-1999       49      0.00472  0.00471  0.50   93459     440   93239  2689462  28.78
1990-1999       50      0.00525  0.00523  0.50   93019     487   92776  2596223  27.91
1990-1999       51      0.00567  0.00566  0.50   92532     523   92271  2503447  27.05
1990-1999       52      0.00623  0.00621  0.50   92009     572   91723  2411176  26.21
1990-1999       53      0.00669  0.00667  0.50   91438     610   91133  2319453  25.37
1990-1999       54      0.00719  0.00717  0.50   90828     651   90503  2228320  24.53
1990-1999       55      0.00792  0.00789  0.50   90177     712   89821  2137817  23.71
1990-1999       56      0.00854  0.00850  0.50   89465     761   89085  2047996  22.89
1990-1999       57      0.00937  0.00933  0.50   88705     827   88291  1958911  22.08
1990-1999       58      0.01006  0.01001  0.50   87878     879   87438  1870619  21.29
1990-1999       59      0.01127  0.01121  0.50   86998     975   86511  1783181  20.50
1990-1999       60      0.01237  0.01229  0.50   86023    1057   85495  1696671  19.72
1990-1999       61      0.01367  0.01358  0.50   84966    1154   84389  1611176  18.96
1990-1999       62      0.01472  0.01462  0.50   83812    1225   83199  1526787  18.22
1990-1999       63      0.01619  0.01606  0.50   82587    1327   81924  1443588  17.48
1990-1999       64      0.01750  0.01735  0.50   81260    1410   80555  1361664  16.76
1990-1999       65      0.01910  0.01892  0.50   79850    1511   79095  1281109  16.04
1990-1999       66      0.02060  0.02039  0.50   78339    1597   77541  1202014  15.34
1990-1999       67      0.02243  0.02218  0.50   76742    1702   75891  1124473  14.65
1990-1999       68      0.02449  0.02420  0.50   75040    1816   74132  1048582  13.97
1990-1999       69      0.02662  0.02627  0.50   73224    1924   72262   974450  13.31
1990-1999       70      0.02950  0.02907  0.50   71300    2073   70264   902188  12.65
1990-1999       71      0.03196  0.03146  0.50   69228    2178   68139   831924  12.02
1990-1999       72      0.03473  0.03414  0.50   67050    2289   65906   763785  11.39
1990-1999       73      0.03802  0.03731  0.50   64761    2417   63553   697879  10.78
1990-1999       74      0.04206  0.04119  0.50   62345    2568   61061   634326  10.17
1990-1999       75      0.04692  0.04585  0.50   59777    2741   58406   573266   9.59
1990-1999       76      0.05282  0.05146  0.50   57036    2935   55569   514859   9.03
1990-1999       77      0.05893  0.05724  0.50   54101    3097   52553   459291   8.49
1990-1999       78      0.06662  0.06448  0.50   51004    3289   49360   406738   7.97
1990-1999       79      0.07387  0.07124  0.50   47716    3399   46016   357378   7.49
1990-1999       80      0.08245  0.07919  0.50   44316    3509   42562   311362   7.03
1990-1999       81      0.09259  0.08850  0.50   40807    3611   39002   268801   6.59
1990-1999       82      0.10104  0.09618  0.50   37196    3578   35407   229799   6.18
1990-1999       83      0.11138  0.10551  0.50   33618    3547   31845   194392   5.78
1990-1999       84      0.12273  0.11563  0.50   30071    3477   28333   162547   5.41
1990-1999       85      0.13634  0.12764  0.50   26594    3394   24897   134214   5.05
1990-1999       86      0.14995  0.13949  0.50   23200    3236   21582   109317   4.71
1990-1999       87      0.16705  0.15417  0.50   19964    3078   18425    87735   4.39
1990-1999       88      0.18354  0.16811  0.50   16886    2839   15466    69311   4.10
1990-1999       89      0.20256  0.18393  0.50   14047    2584   12755    53844   3.83
1990-1999       90      0.22162  0.19951  0.50   11463    2287   10320    41089   3.58
1990-1999       91      0.24180  0.21572  0.50    9176    1979    8187    30769   3.35
1990-1999       92      0.26260  0.23213  0.50    7197    1671    6362    22583   3.14
1990-1999       93      0.28931  0.25275  0.50    5526    1397    4828    16221   2.94
1990-1999       94      0.31215  0.27001  0.50    4129    1115    3572    11393   2.76
1990-1999       95      0.33574  0.28748  0.50    3015     867    2581     7821   2.59
1990-1999       96      0.36233  0.30676  0.50    2148     659    1818     5240   2.44
1990-1999       97      0.38986  0.32626  0.50    1489     486    1246     3422   2.30
1990-1999       98      0.41818  0.34586  0.50    1003     347     830     2175   2.17
1990-1999       99      0.44710  0.36541  0.50     656     240     536     1346   2.05
1990-1999      100      0.47645  0.38478  0.50     416     160     336      809   1.94
1990-1999      101      0.50602  0.40384  0.50     256     103     204      473   1.85
1990-1999      102      0.53561  0.42247  0.50     153      65     120      269   1.76
1990-1999      103      0.56500  0.44055  0.50      88      39      69      148   1.68
1990-1999      104      0.59400  0.45798  0.50      49      23      38       79   1.61
1990-1999      105      0.62241  0.47469  0.50      27      13      20       41   1.54
1990-1999      106      0.65005  0.49059  0.50      14       7      11       21   1.49
1990-1999      107      0.67676  0.50565  0.50       7       4       5       10   1.43
1990-1999      108      0.70240  0.51983  0.50       4       2       3        5   1.39
1990-1999      109      0.72686  0.53311  0.50       2       1       1        2   1.36
1990-1999      110+     0.75006  1.00000  1.33       1       1       1        1   1.33
2000-2009        0      0.00342  0.00341  0.14  100000     341   99708  7852018  78.52
2000-2009        1      0.00034  0.00034  0.50   99659      33   99642  7752311  77.79
2000-2009        2      0.00018  0.00018  0.50   99626      18   99616  7652668  76.81
2000-2009        3      0.00015  0.00015  0.50   99607      15   99600  7553052  75.83
2000-2009        4      0.00014  0.00014  0.50   99592      14   99585  7453452  74.84
2000-2009        5      0.00011  0.00011  0.50   99579      11   99573  7353867  73.85
2000-2009        6      0.00012  0.00012  0.50   99568      12   99562  7254294  72.86
2000-2009        7      0.00011  0.00011  0.50   99556      11   99551  7154732  71.87
2000-2009        8      0.00010  0.00010  0.50   99546      10   99540  7055181  70.87
2000-2009        9      0.00009  0.00009  0.50   99535       9   99531  6955640  69.88
2000-2009       10      0.00010  0.00010  0.50   99526      10   99521  6856109  68.89
2000-2009       11      0.00011  0.00011  0.50   99516      11   99510  6756589  67.89
2000-2009       12      0.00012  0.00012  0.50   99505      12   99499  6657078  66.90
2000-2009       13      0.00013  0.00013  0.50   99493      13   99486  6557580  65.91
2000-2009       14      0.00020  0.00020  0.50   99480      20   99470  6458093  64.92
2000-2009       15      0.00023  0.00023  0.50   99460      23   99448  6358624  63.93
2000-2009       16      0.00032  0.00032  0.50   99437      32   99421  6259175  62.95
2000-2009       17      0.00043  0.00043  0.50   99405      42   99384  6159754  61.97
2000-2009       18      0.00061  0.00061  0.50   99363      61   99332  6060370  60.99
2000-2009       19      0.00062  0.00062  0.50   99302      61   99271  5961038  60.03
2000-2009       20      0.00062  0.00062  0.50   99241      62   99210  5861766  59.07
2000-2009       21      0.00058  0.00058  0.50   99179      57   99151  5762556  58.10
2000-2009       22      0.00054  0.00054  0.50   99122      54   99095  5663406  57.14
2000-2009       23      0.00056  0.00056  0.50   99068      56   99040  5564311  56.17
2000-2009       24      0.00052  0.00052  0.50   99013      52   98987  5465270  55.20
2000-2009       25      0.00052  0.00052  0.50   98961      52   98935  5366284  54.23
2000-2009       26      0.00055  0.00055  0.50   98909      54   98882  5267349  53.25
2000-2009       27      0.00054  0.00054  0.50   98855      54   98828  5168466  52.28
2000-2009       28      0.00054  0.00054  0.50   98802      54   98775  5069638  51.31
2000-2009       29      0.00057  0.00057  0.50   98748      57   98720  4970863  50.34
2000-2009       30      0.00055  0.00055  0.50   98691      55   98664  4872143  49.37
2000-2009       31      0.00063  0.00063  0.50   98637      63   98606  4773479  48.39
2000-2009       32      0.00069  0.00069  0.50   98574      68   98541  4674873  47.42
2000-2009       33      0.00071  0.00071  0.50   98507      70   98472  4576333  46.46
2000-2009       34      0.00082  0.00081  0.50   98437      80   98397  4477861  45.49
2000-2009       35      0.00093  0.00093  0.50   98357      91   98312  4379464  44.53
2000-2009       36      0.00103  0.00103  0.50   98266     101   98215  4281152  43.57
2000-2009       37      0.00110  0.00110  0.50   98165     108   98111  4182937  42.61
2000-2009       38      0.00127  0.00127  0.50   98057     124   97994  4084826  41.66
2000-2009       39      0.00143  0.00143  0.50   97932     140   97863  3986832  40.71
2000-2009       40      0.00160  0.00160  0.50   97793     156   97715  3888969  39.77
2000-2009       41      0.00174  0.00174  0.50   97636     170   97551  3791255  38.83
2000-2009       42      0.00196  0.00196  0.50   97466     191   97371  3693704  37.90
2000-2009       43      0.00222  0.00222  0.50   97275     216   97167  3596333  36.97
2000-2009       44      0.00245  0.00245  0.50   97059     238   96940  3499166  36.05
2000-2009       45      0.00272  0.00271  0.50   96821     263   96690  3402225  35.14
2000-2009       46      0.00299  0.00298  0.50   96559     288   96415  3305535  34.23
2000-2009       47      0.00324  0.00323  0.50   96271     311   96115  3209121  33.33
2000-2009       48      0.00352  0.00351  0.50   95960     337   95791  3113005  32.44
2000-2009       49      0.00392  0.00391  0.50   95622     374   95435  3017215  31.55
2000-2009       50      0.00414  0.00413  0.50   95248     394   95052  2921779  30.68
2000-2009       51      0.00445  0.00444  0.50   94855     421   94644  2826728  29.80
2000-2009       52      0.00486  0.00485  0.50   94433     458   94204  2732084  28.93
2000-2009       53      0.00517  0.00516  0.50   93975     485   93733  2637879  28.07
2000-2009       54      0.00559  0.00557  0.50   93490     521   93230  2544146  27.21
2000-2009       55      0.00588  0.00586  0.50   92969     545   92697  2450917  26.36
2000-2009       56      0.00627  0.00625  0.50   92425     578   92136  2358220  25.52
2000-2009       57      0.00681  0.00679  0.50   91847     624   91535  2266084  24.67
2000-2009       58      0.00744  0.00741  0.50   91224     676   90885  2174549  23.84
2000-2009       59      0.00798  0.00795  0.50   90547     720   90188  2083663  23.01
2000-2009       60      0.00862  0.00858  0.50   89828     771   89442  1993475  22.19
2000-2009       61      0.00935  0.00930  0.50   89057     829   88643  1904033  21.38
2000-2009       62      0.01020  0.01015  0.50   88228     895   87781  1815390  20.58
2000-2009       63      0.01094  0.01088  0.50   87333     951   86858  1727609  19.78
2000-2009       64      0.01168  0.01161  0.50   86383    1003   85881  1640751  18.99
2000-2009       65      0.01301  0.01293  0.50   85380    1104   84828  1554870  18.21
2000-2009       66      0.01423  0.01413  0.50   84276    1191   83681  1470042  17.44
2000-2009       67      0.01559  0.01547  0.50   83085    1285   82443  1386362  16.69
2000-2009       68      0.01720  0.01705  0.50   81800    1395   81103  1303919  15.94
2000-2009       69      0.01900  0.01882  0.50   80405    1513   79648  1222817  15.21
2000-2009       70      0.02125  0.02103  0.50   78892    1659   78062  1143168  14.49
2000-2009       71      0.02322  0.02295  0.50   77233    1772   76347  1065106  13.79
2000-2009       72      0.02577  0.02544  0.50   75461    1920   74500   988759  13.10
2000-2009       73      0.02835  0.02795  0.50   73540    2056   72513   914259  12.43
2000-2009       74      0.03178  0.03128  0.50   71485    2236   70367   841746  11.78
2000-2009       75      0.03474  0.03414  0.50   69249    2364   68067   771379  11.14
2000-2009       76      0.03878  0.03804  0.50   66884    2544   65612   703313  10.52
2000-2009       77      0.04247  0.04159  0.50   64340    2676   63002   637700   9.91
2000-2009       78      0.04766  0.04655  0.50   61664    2870   60229   574698   9.32
2000-2009       79      0.05317  0.05179  0.50   58794    3045   57272   514469   8.75
2000-2009       80      0.05965  0.05792  0.50   55749    3229   54135   457197   8.20
2000-2009       81      0.06570  0.06361  0.50   52520    3341   50850   403063   7.67
2000-2009       82      0.07395  0.07131  0.50   49179    3507   47426   352213   7.16
2000-2009       83      0.08323  0.07991  0.50   45672    3650   43847   304787   6.67
2000-2009       84      0.09177  0.08775  0.50   42023    3687   40179   260940   6.21
2000-2009       85      0.10545  0.10017  0.50   38335    3840   36415   220761   5.76
2000-2009       86      0.11809  0.11151  0.50   34495    3846   32572   184345   5.34
2000-2009       87      0.13420  0.12577  0.50   30649    3855   28721   151774   4.95
2000-2009       88      0.15186  0.14114  0.50   26794    3782   24903   123052   4.59
2000-2009       89      0.16905  0.15588  0.50   23012    3587   21219    98149   4.27
2000-2009       90      0.18426  0.16872  0.50   19425    3277   17787    76930   3.96
2000-2009       91      0.21035  0.19033  0.50   16148    3073   14611    59143   3.66
2000-2009       92      0.23023  0.20647  0.50   13074    2699   11725    44532   3.41
2000-2009       93      0.25591  0.22688  0.50   10375    2354    9198    32807   3.16
2000-2009       94      0.28028  0.24583  0.50    8021    1972    7035    23609   2.94
2000-2009       95      0.30719  0.26629  0.50    6049    1611    5244    16574   2.74
2000-2009       96      0.33643  0.28799  0.50    4439    1278    3799    11330   2.55
2000-2009       97      0.36706  0.31014  0.50    3160     980    2670     7530   2.38
2000-2009       98      0.39885  0.33254  0.50    2180     725    1818     4860   2.23
2000-2009       99      0.43159  0.35498  0.50    1455     517    1197     3043   2.09
2000-2009      100      0.46499  0.37728  0.50     939     354     762     1846   1.97
2000-2009      101      0.49876  0.39921  0.50     584     233     468     1084   1.85
2000-2009      102      0.53259  0.42059  0.50     351     148     277      616   1.76
2000-2009      103      0.56617  0.44126  0.50     203      90     159      339   1.67
2000-2009      104      0.59919  0.46106  0.50     114      52      87      180   1.59
2000-2009      105      0.63136  0.47987  0.50      61      29      47       93   1.52
2000-2009      106      0.66244  0.49762  0.50      32      16      24       46   1.46
2000-2009      107      0.69220  0.51423  0.50      16       8      12       22   1.40
2000-2009      108      0.72047  0.52966  0.50       8       4       6       11   1.36
2000-2009      109      0.74710  0.54392  0.50       4       2       3        5   1.32
2000-2009      110+     0.77202  1.00000  1.30       2       2       2        2   1.30
2010-2017        0      0.00271  0.00271  0.14  100000     271   99768  8008632  80.09
2010-2017        1      0.00026  0.00026  0.50   99729      26   99716  7908864  79.30
2010-2017        2      0.00015  0.00015  0.50   99703      15   99695  7809148  78.32
2010-2017        3      0.00012  0.00012  0.50   99688      12   99682  7709452  77.34
2010-2017        4      0.00012  0.00012  0.50   99676      12   99671  7609770  76.34
2010-2017        5      0.00008  0.00008  0.50   99665       8   99661  7510099  75.35
2010-2017        6      0.00009  0.00009  0.50   99657       9   99653  7410439  74.36
2010-2017        7      0.00007  0.00007  0.50   99648       7   99645  7310786  73.37
2010-2017        8      0.00007  0.00007  0.50   99642       7   99638  7211141  72.37
2010-2017        9      0.00007  0.00007  0.50   99635       7   99632  7111503  71.38
2010-2017       10      0.00008  0.00008  0.50   99628       8   99624  7011871  70.38
2010-2017       11      0.00008  0.00008  0.50   99620       8   99616  6912247  69.39
2010-2017       12      0.00009  0.00009  0.50   99612       9   99607  6812632  68.39
2010-2017       13      0.00010  0.00010  0.50   99602      10   99598  6713025  67.40
2010-2017       14      0.00011  0.00011  0.50   99593      11   99587  6613427  66.40
2010-2017       15      0.00012  0.00012  0.50   99582      12   99576  6513840  65.41
2010-2017       16      0.00023  0.00023  0.50   99570      22   99559  6414264  64.42
2010-2017       17      0.00024  0.00024  0.50   99548      24   99536  6314705  63.43
2010-2017       18      0.00035  0.00035  0.50   99524      34   99507  6215169  62.45
2010-2017       19      0.00036  0.00036  0.50   99489      36   99471  6115662  61.47
2010-2017       20      0.00037  0.00037  0.50   99453      37   99435  6016191  60.49
2010-2017       21      0.00041  0.00041  0.50   99416      41   99396  5916756  59.51
2010-2017       22      0.00039  0.00039  0.50   99375      38   99356  5817360  58.54
2010-2017       23      0.00042  0.00042  0.50   99337      42   99316  5718004  57.56
2010-2017       24      0.00039  0.00039  0.50   99295      39   99275  5618689  56.59
2010-2017       25      0.00038  0.00038  0.50   99256      37   99237  5519414  55.61
2010-2017       26      0.00038  0.00038  0.50   99218      38   99199  5420177  54.63
2010-2017       27      0.00045  0.00045  0.50   99180      45   99158  5320977  53.65
2010-2017       28      0.00045  0.00045  0.50   99135      45   99113  5221819  52.67
2010-2017       29      0.00050  0.00050  0.50   99090      50   99065  5122707  51.70
2010-2017       30      0.00050  0.00050  0.50   99040      49   99016  5023641  50.72
2010-2017       31      0.00056  0.00056  0.50   98991      56   98963  4924625  49.75
2010-2017       32      0.00061  0.00061  0.50   98936      60   98906  4825662  48.78
2010-2017       33      0.00059  0.00059  0.50   98876      58   98846  4726756  47.81
2010-2017       34      0.00068  0.00068  0.50   98817      67   98784  4627910  46.83
2010-2017       35      0.00068  0.00068  0.50   98750      67   98717  4529126  45.86
2010-2017       36      0.00076  0.00076  0.50   98683      75   98646  4430409  44.90
2010-2017       37      0.00079  0.00079  0.50   98608      78   98569  4331763  43.93
2010-2017       38      0.00092  0.00092  0.50   98531      91   98485  4233194  42.96
2010-2017       39      0.00101  0.00101  0.50   98440     100   98390  4134709  42.00
2010-2017       40      0.00114  0.00114  0.50   98340     112   98284  4036319  41.04
2010-2017       41      0.00131  0.00131  0.50   98228     128   98164  3938035  40.09
2010-2017       42      0.00146  0.00146  0.50   98099     143   98028  3839871  39.14
2010-2017       43      0.00155  0.00155  0.50   97957     152   97881  3741843  38.20
2010-2017       44      0.00177  0.00177  0.50   97805     173   97718  3643962  37.26
2010-2017       45      0.00201  0.00200  0.50   97632     196   97534  3546244  36.32
2010-2017       46      0.00228  0.00228  0.50   97436     222   97325  3448710  35.39
2010-2017       47      0.00261  0.00261  0.50   97214     254   97087  3351385  34.47
2010-2017       48      0.00282  0.00281  0.50   96960     273   96824  3254298  33.56
2010-2017       49      0.00314  0.00314  0.50   96688     304   96536  3157474  32.66
2010-2017       50      0.00348  0.00347  0.50   96384     335   96217  3060938  31.76
2010-2017       51      0.00394  0.00393  0.50   96049     378   95860  2964722  30.87
2010-2017       52      0.00425  0.00425  0.50   95671     406   95468  2868861  29.99
2010-2017       53      0.00472  0.00471  0.50   95265     448   95041  2773393  29.11
2010-2017       54      0.00522  0.00520  0.50   94817     493   94570  2678352  28.25
2010-2017       55      0.00566  0.00565  0.50   94324     533   94058  2583781  27.39
2010-2017       56      0.00610  0.00608  0.50   93791     570   93506  2489724  26.55
2010-2017       57      0.00656  0.00654  0.50   93221     609   92917  2396217  25.70
2010-2017       58      0.00729  0.00727  0.50   92612     673   92275  2303301  24.87
2010-2017       59      0.00773  0.00771  0.50   91939     708   91585  2211025  24.05
2010-2017       60      0.00839  0.00835  0.50   91231     762   90850  2119440  23.23
2010-2017       61      0.00904  0.00900  0.50   90469     814   90062  2028591  22.42
2010-2017       62      0.00966  0.00961  0.50   89655     862   89224  1938529  21.62
2010-2017       63      0.01048  0.01043  0.50   88793     926   88330  1849305  20.83
2010-2017       64      0.01132  0.01125  0.50   87867     989   87372  1760975  20.04
2010-2017       65      0.01199  0.01192  0.50   86878    1035   86360  1673603  19.26
2010-2017       66      0.01279  0.01271  0.50   85842    1091   85297  1587243  18.49
2010-2017       67      0.01377  0.01367  0.50   84751    1159   84172  1501946  17.72
2010-2017       68      0.01501  0.01490  0.50   83592    1246   82970  1417774  16.96
2010-2017       69      0.01565  0.01553  0.50   82347    1279   81707  1334804  16.21
2010-2017       70      0.01717  0.01702  0.50   81068    1380   80378  1253097  15.46
2010-2017       71      0.01882  0.01864  0.50   79688    1486   78945  1172719  14.72
2010-2017       72      0.02018  0.01998  0.50   78202    1563   77421  1093774  13.99
2010-2017       73      0.02245  0.02220  0.50   76640    1701   75789  1016353  13.26
2010-2017       74      0.02486  0.02455  0.50   74938    1840   74018   940564  12.55
2010-2017       75      0.02799  0.02760  0.50   73098    2017   72090   866545  11.85
2010-2017       76      0.03142  0.03094  0.50   71081    2199   69981   794456  11.18
2010-2017       77      0.03517  0.03457  0.50   68882    2381   67691   724475  10.52
2010-2017       78      0.03955  0.03878  0.50   66501    2579   65211   656783   9.88
2010-2017       79      0.04502  0.04403  0.50   63922    2814   62515   591572   9.25
2010-2017       80      0.05122  0.04994  0.50   61108    3052   59582   529057   8.66
2010-2017       81      0.05819  0.05655  0.50   58056    3283   56415   469475   8.09
2010-2017       82      0.06631  0.06418  0.50   54773    3515   53015   413060   7.54
2010-2017       83      0.07463  0.07195  0.50   51258    3688   49414   360045   7.02
2010-2017       84      0.08446  0.08103  0.50   47570    3855   45643   310631   6.53
2010-2017       85      0.09565  0.09129  0.50   43715    3991   41720   264989   6.06
2010-2017       86      0.10808  0.10254  0.50   39724    4073   37688   223269   5.62
2010-2017       87      0.12112  0.11420  0.50   35651    4071   33615   185581   5.21
2010-2017       88      0.13735  0.12852  0.50   31580    4059   29550   151966   4.81
2010-2017       89      0.15508  0.14392  0.50   27521    3961   25541   122415   4.45
2010-2017       90      0.17490  0.16083  0.50   23560    3789   21666    96874   4.11
2010-2017       91      0.19447  0.17724  0.50   19771    3504   18019    75209   3.80
2010-2017       92      0.21784  0.19644  0.50   16267    3195   14669    57190   3.52
2010-2017       93      0.24078  0.21491  0.50   13071    2809   11667    42521   3.25
2010-2017       94      0.26796  0.23630  0.50   10262    2425    9050    30854   3.01
2010-2017       95      0.29766  0.25910  0.50    7837    2031    6822    21804   2.78
2010-2017       96      0.32841  0.28209  0.50    5807    1638    4988    14982   2.58
2010-2017       97      0.36085  0.30570  0.50    4169    1274    3531     9995   2.40
2010-2017       98      0.39476  0.32968  0.50    2894     954    2417     6463   2.23
2010-2017       99      0.42983  0.35380  0.50    1940     686    1597     4046   2.09
2010-2017      100      0.46575  0.37777  0.50    1254     474    1017     2449   1.95
2010-2017      101      0.50213  0.40136  0.50     780     313     624     1432   1.84
2010-2017      102      0.53858  0.42432  0.50     467     198     368      809   1.73
2010-2017      103      0.57472  0.44643  0.50     269     120     209      441   1.64
2010-2017      104      0.61015  0.46752  0.50     149      70     114      232   1.56
2010-2017      105      0.64451  0.48743  0.50      79      39      60      118   1.49
2010-2017      106      0.67750  0.50607  0.50      41      21      30       58   1.42
2010-2017      107      0.70886  0.52337  0.50      20      10      15       27   1.37
2010-2017      108      0.73838  0.53928  0.50      10       5       7       13   1.32
2010-2017      109      0.76593  0.55383  0.50       4       2       3        6   1.29
2010-2017      110+     0.79142  1.00000  1.26       2       2       2        2   1.26
