West Germany, Life tables (period 1x10), Total	Last modified: 17 Dec 2018;  Methods Protocol: v6 (2017)

  Year          Age         mx       qx    ax      lx      dx      Lx       Tx     ex
1956-1959        0      0.03803  0.03687  0.17  100000    3687   96943  6897185  68.97
1956-1959        1      0.00256  0.00255  0.50   96313     246   96190  6800243  70.61
1956-1959        2      0.00136  0.00136  0.50   96068     131   96002  6704052  69.78
1956-1959        3      0.00100  0.00100  0.50   95937      96   95889  6608050  68.88
1956-1959        4      0.00083  0.00083  0.50   95841      79   95801  6512161  67.95
1956-1959        5      0.00070  0.00070  0.50   95761      67   95728  6416360  67.00
1956-1959        6      0.00061  0.00061  0.50   95694      59   95665  6320632  66.05
1956-1959        7      0.00056  0.00056  0.50   95636      53   95609  6224968  65.09
1956-1959        8      0.00048  0.00048  0.50   95582      46   95559  6129359  64.13
1956-1959        9      0.00045  0.00045  0.50   95537      43   95515  6033799  63.16
1956-1959       10      0.00039  0.00039  0.50   95494      37   95475  5938284  62.18
1956-1959       11      0.00039  0.00039  0.50   95457      38   95438  5842809  61.21
1956-1959       12      0.00041  0.00041  0.50   95419      39   95400  5747371  60.23
1956-1959       13      0.00041  0.00041  0.50   95380      39   95361  5651971  59.26
1956-1959       14      0.00053  0.00053  0.50   95342      50   95317  5556610  58.28
1956-1959       15      0.00063  0.00063  0.50   95291      60   95261  5461293  57.31
1956-1959       16      0.00075  0.00075  0.50   95231      71   95196  5366032  56.35
1956-1959       17      0.00083  0.00083  0.50   95160      79   95121  5270836  55.39
1956-1959       18      0.00104  0.00104  0.50   95081      99   95032  5175716  54.43
1956-1959       19      0.00121  0.00121  0.50   94982     115   94925  5080684  53.49
1956-1959       20      0.00133  0.00133  0.50   94867     127   94804  4985760  52.56
1956-1959       21      0.00134  0.00134  0.50   94741     127   94677  4890956  51.62
1956-1959       22      0.00133  0.00133  0.50   94614     125   94551  4796278  50.69
1956-1959       23      0.00131  0.00131  0.50   94488     124   94426  4701727  49.76
1956-1959       24      0.00130  0.00130  0.50   94364     123   94303  4607301  48.82
1956-1959       25      0.00130  0.00130  0.50   94242     123   94180  4512998  47.89
1956-1959       26      0.00135  0.00135  0.50   94119     127   94055  4418817  46.95
1956-1959       27      0.00137  0.00137  0.50   93992     128   93928  4324762  46.01
1956-1959       28      0.00141  0.00141  0.50   93864     132   93797  4230834  45.07
1956-1959       29      0.00143  0.00143  0.50   93731     134   93664  4137037  44.14
1956-1959       30      0.00143  0.00143  0.50   93597     134   93530  4043372  43.20
1956-1959       31      0.00149  0.00149  0.50   93463     140   93393  3949842  42.26
1956-1959       32      0.00156  0.00156  0.50   93324     146   93251  3856449  41.32
1956-1959       33      0.00156  0.00156  0.50   93178     145   93106  3763198  40.39
1956-1959       34      0.00165  0.00165  0.50   93033     154   92956  3670092  39.45
1956-1959       35      0.00176  0.00176  0.50   92880     164   92798  3577136  38.51
1956-1959       36      0.00193  0.00193  0.50   92716     179   92626  3484338  37.58
1956-1959       37      0.00197  0.00197  0.50   92537     182   92446  3391712  36.65
1956-1959       38      0.00214  0.00214  0.50   92355     197   92256  3299266  35.72
1956-1959       39      0.00236  0.00236  0.50   92157     217   92049  3207010  34.80
1956-1959       40      0.00238  0.00237  0.50   91940     218   91831  3114961  33.88
1956-1959       41      0.00274  0.00273  0.50   91722     251   91597  3023130  32.96
1956-1959       42      0.00290  0.00290  0.50   91472     265   91339  2931533  32.05
1956-1959       43      0.00308  0.00308  0.50   91206     281   91066  2840194  31.14
1956-1959       44      0.00340  0.00340  0.50   90926     309   90771  2749128  30.23
1956-1959       45      0.00373  0.00372  0.50   90617     337   90448  2658357  29.34
1956-1959       46      0.00403  0.00403  0.50   90279     363   90097  2567909  28.44
1956-1959       47      0.00441  0.00440  0.50   89916     396   89718  2477811  27.56
1956-1959       48      0.00487  0.00486  0.50   89520     435   89302  2388094  26.68
1956-1959       49      0.00542  0.00541  0.50   89085     482   88844  2298791  25.80
1956-1959       50      0.00605  0.00603  0.50   88603     534   88336  2209947  24.94
1956-1959       51      0.00670  0.00668  0.50   88069     588   87775  2121611  24.09
1956-1959       52      0.00744  0.00741  0.50   87481     649   87156  2033836  23.25
1956-1959       53      0.00811  0.00808  0.50   86832     702   86481  1946680  22.42
1956-1959       54      0.00912  0.00907  0.50   86131     782   85740  1860198  21.60
1956-1959       55      0.01009  0.01004  0.50   85349     857   84920  1774458  20.79
1956-1959       56      0.01108  0.01102  0.50   84492     931   84026  1689538  20.00
1956-1959       57      0.01234  0.01227  0.50   83561    1025   83048  1605512  19.21
1956-1959       58      0.01343  0.01334  0.50   82536    1101   81985  1522463  18.45
1956-1959       59      0.01461  0.01451  0.50   81434    1181   80844  1440478  17.69
1956-1959       60      0.01608  0.01595  0.50   80253    1280   79613  1359634  16.94
1956-1959       61      0.01733  0.01718  0.50   78973    1357   78295  1280021  16.21
1956-1959       62      0.01919  0.01901  0.50   77616    1475   76879  1201726  15.48
1956-1959       63      0.02089  0.02067  0.50   76141    1574   75354  1124848  14.77
1956-1959       64      0.02291  0.02265  0.50   74567    1689   73723  1049493  14.07
1956-1959       65      0.02567  0.02534  0.50   72878    1847   71955   975771  13.39
1956-1959       66      0.02810  0.02771  0.50   71031    1969   70047   903816  12.72
1956-1959       67      0.03093  0.03046  0.50   69063    2104   68011   833769  12.07
1956-1959       68      0.03448  0.03390  0.50   66959    2270   65825   765757  11.44
1956-1959       69      0.03799  0.03728  0.50   64690    2412   63484   699933  10.82
1956-1959       70      0.04271  0.04182  0.50   62278    2604   60976   636449  10.22
1956-1959       71      0.04759  0.04648  0.50   59673    2774   58287   575474   9.64
1956-1959       72      0.05280  0.05144  0.50   56900    2927   55436   517187   9.09
1956-1959       73      0.05925  0.05755  0.50   53973    3106   52420   461751   8.56
1956-1959       74      0.06578  0.06369  0.50   50867    3240   49247   409331   8.05
1956-1959       75      0.07370  0.07108  0.50   47627    3385   45935   360084   7.56
1956-1959       76      0.08209  0.07886  0.50   44242    3489   42498   314149   7.10
1956-1959       77      0.09144  0.08744  0.50   40753    3564   38971   271652   6.67
1956-1959       78      0.10137  0.09648  0.50   37190    3588   35396   232680   6.26
1956-1959       79      0.11149  0.10560  0.50   33601    3548   31827   197285   5.87
1956-1959       80      0.12155  0.11459  0.50   30053    3444   28331   165458   5.51
1956-1959       81      0.13353  0.12518  0.50   26609    3331   24944   137126   5.15
1956-1959       82      0.14746  0.13733  0.50   23279    3197   21680   112182   4.82
1956-1959       83      0.16257  0.15035  0.50   20082    3019   18572    90502   4.51
1956-1959       84      0.17716  0.16274  0.50   17062    2777   15674    71930   4.22
1956-1959       85      0.19755  0.17979  0.50   14286    2568   13001    56256   3.94
1956-1959       86      0.21516  0.19426  0.50   11717    2276   10579    43255   3.69
1956-1959       87      0.23622  0.21127  0.50    9441    1995    8444    32676   3.46
1956-1959       88      0.25600  0.22695  0.50    7446    1690    6601    24232   3.25
1956-1959       89      0.27563  0.24225  0.50    5756    1394    5059    17631   3.06
1956-1959       90      0.29896  0.26009  0.50    4362    1134    3795    12571   2.88
1956-1959       91      0.32054  0.27626  0.50    3227     892    2782     8777   2.72
1956-1959       92      0.34526  0.29443  0.50    2336     688    1992     5995   2.57
1956-1959       93      0.36059  0.30551  0.50    1648     504    1396     4003   2.43
1956-1959       94      0.38991  0.32630  0.50    1145     373     958     2607   2.28
1956-1959       95      0.42744  0.35217  0.50     771     272     635     1649   2.14
1956-1959       96      0.45495  0.37064  0.50     500     185     407     1013   2.03
1956-1959       97      0.48273  0.38887  0.50     314     122     253      606   1.93
1956-1959       98      0.51061  0.40676  0.50     192      78     153      353   1.84
1956-1959       99      0.53842  0.42422  0.50     114      48      90      200   1.76
1956-1959      100      0.56600  0.44116  0.50      66      29      51      110   1.68
1956-1959      101      0.59319  0.45750  0.50      37      17      28       59   1.61
1956-1959      102      0.61982  0.47318  0.50      20       9      15       31   1.55
1956-1959      103      0.64577  0.48815  0.50      10       5       8       16   1.50
1956-1959      104      0.67090  0.50238  0.50       5       3       4        8   1.45
1956-1959      105      0.69511  0.51583  0.50       3       1       2        4   1.40
1956-1959      106      0.71831  0.52850  0.50       1       1       1        2   1.36
1956-1959      107      0.74042  0.54037  0.50       1       0       0        1   1.32
1956-1959      108      0.76140  0.55146  0.50       0       0       0        0   1.29
1956-1959      109      0.78120  0.56177  0.50       0       0       0        0   1.27
1956-1959      110+     0.79981  1.00000  1.25       0       0       0        0   1.25
1960-1969        0      0.02682  0.02621  0.13  100000    2621   97723  7030232  70.30
1960-1969        1      0.00185  0.00185  0.50   97379     180   97289  6932509  71.19
1960-1969        2      0.00107  0.00107  0.50   97199     104   97147  6835220  70.32
1960-1969        3      0.00084  0.00084  0.50   97095      81   97054  6738073  69.40
1960-1969        4      0.00071  0.00071  0.50   97014      69   96979  6641019  68.45
1960-1969        5      0.00063  0.00063  0.50   96945      61   96914  6544040  67.50
1960-1969        6      0.00057  0.00057  0.50   96883      56   96856  6447126  66.55
1960-1969        7      0.00051  0.00051  0.50   96828      49   96803  6350270  65.58
1960-1969        8      0.00047  0.00047  0.50   96779      45   96756  6253467  64.62
1960-1969        9      0.00042  0.00042  0.50   96734      40   96713  6156711  63.65
1960-1969       10      0.00039  0.00039  0.50   96693      37   96675  6059997  62.67
1960-1969       11      0.00036  0.00036  0.50   96656      35   96639  5963322  61.70
1960-1969       12      0.00037  0.00037  0.50   96621      35   96603  5866684  60.72
1960-1969       13      0.00039  0.00039  0.50   96586      38   96567  5770081  59.74
1960-1969       14      0.00046  0.00046  0.50   96548      44   96525  5673514  58.76
1960-1969       15      0.00055  0.00055  0.50   96503      53   96477  5576989  57.79
1960-1969       16      0.00078  0.00078  0.50   96451      75   96413  5480512  56.82
1960-1969       17      0.00090  0.00090  0.50   96376      87   96332  5384099  55.87
1960-1969       18      0.00110  0.00110  0.50   96289     106   96236  5287767  54.92
1960-1969       19      0.00117  0.00117  0.50   96183     112   96127  5191531  53.98
1960-1969       20      0.00115  0.00115  0.50   96071     111   96015  5095404  53.04
1960-1969       21      0.00119  0.00119  0.50   95960     114   95903  4999389  52.10
1960-1969       22      0.00117  0.00117  0.50   95846     112   95790  4903486  51.16
1960-1969       23      0.00115  0.00115  0.50   95734     110   95679  4807696  50.22
1960-1969       24      0.00114  0.00114  0.50   95624     109   95570  4712017  49.28
1960-1969       25      0.00113  0.00113  0.50   95516     108   95462  4616447  48.33
1960-1969       26      0.00114  0.00114  0.50   95407     109   95353  4520986  47.39
1960-1969       27      0.00117  0.00117  0.50   95299     111   95243  4425632  46.44
1960-1969       28      0.00118  0.00118  0.50   95188     112   95131  4330389  45.49
1960-1969       29      0.00124  0.00124  0.50   95075     118   95016  4235258  44.55
1960-1969       30      0.00127  0.00127  0.50   94957     120   94897  4140242  43.60
1960-1969       31      0.00132  0.00132  0.50   94837     125   94774  4045345  42.66
1960-1969       32      0.00141  0.00141  0.50   94711     133   94645  3950571  41.71
1960-1969       33      0.00149  0.00149  0.50   94578     141   94507  3855926  40.77
1960-1969       34      0.00158  0.00158  0.50   94437     149   94362  3761418  39.83
1960-1969       35      0.00170  0.00169  0.50   94288     160   94208  3667056  38.89
1960-1969       36      0.00177  0.00176  0.50   94128     166   94045  3572848  37.96
1960-1969       37      0.00195  0.00195  0.50   93962     183   93871  3478803  37.02
1960-1969       38      0.00208  0.00208  0.50   93779     195   93682  3384932  36.09
1960-1969       39      0.00225  0.00225  0.50   93585     211   93479  3291250  35.17
1960-1969       40      0.00242  0.00242  0.50   93374     226   93261  3197770  34.25
1960-1969       41      0.00257  0.00257  0.50   93148     239   93029  3104509  33.33
1960-1969       42      0.00281  0.00280  0.50   92909     261   92779  3011480  32.41
1960-1969       43      0.00308  0.00308  0.50   92649     285   92506  2918701  31.50
1960-1969       44      0.00329  0.00328  0.50   92364     303   92212  2826195  30.60
1960-1969       45      0.00364  0.00363  0.50   92061     334   91893  2733983  29.70
1960-1969       46      0.00402  0.00401  0.50   91726     368   91542  2642089  28.80
1960-1969       47      0.00438  0.00437  0.50   91359     399   91159  2550547  27.92
1960-1969       48      0.00482  0.00481  0.50   90960     437   90741  2459388  27.04
1960-1969       49      0.00522  0.00520  0.50   90522     471   90287  2368647  26.17
1960-1969       50      0.00569  0.00568  0.50   90051     511   89796  2278360  25.30
1960-1969       51      0.00631  0.00629  0.50   89540     563   89258  2188565  24.44
1960-1969       52      0.00692  0.00689  0.50   88977     613   88670  2099306  23.59
1960-1969       53      0.00760  0.00757  0.50   88364     669   88029  2010636  22.75
1960-1969       54      0.00843  0.00839  0.50   87695     736   87327  1922607  21.92
1960-1969       55      0.00930  0.00926  0.50   86959     805   86556  1835280  21.11
1960-1969       56      0.01028  0.01023  0.50   86153     881   85713  1748724  20.30
1960-1969       57      0.01150  0.01143  0.50   85272     975   84785  1663011  19.50
1960-1969       58      0.01273  0.01265  0.50   84297    1067   83764  1578226  18.72
1960-1969       59      0.01417  0.01407  0.50   83231    1171   82645  1494462  17.96
1960-1969       60      0.01581  0.01568  0.50   82060    1287   81416  1411817  17.20
1960-1969       61      0.01749  0.01734  0.50   80773    1400   80073  1330401  16.47
1960-1969       62      0.01934  0.01916  0.50   79372    1521   78612  1250328  15.75
1960-1969       63      0.02130  0.02108  0.50   77852    1641   77031  1171716  15.05
1960-1969       64      0.02353  0.02325  0.50   76211    1772   75325  1094685  14.36
1960-1969       65      0.02588  0.02554  0.50   74439    1902   73488  1019360  13.69
1960-1969       66      0.02861  0.02821  0.50   72537    2046   71514   945872  13.04
1960-1969       67      0.03124  0.03076  0.50   70491    2169   69407   874358  12.40
1960-1969       68      0.03418  0.03361  0.50   68322    2296   67174   804951  11.78
1960-1969       69      0.03755  0.03686  0.50   66026    2434   64809   737777  11.17
1960-1969       70      0.04131  0.04047  0.50   63593    2574   62306   672967  10.58
1960-1969       71      0.04541  0.04440  0.50   61019    2709   59664   610661  10.01
1960-1969       72      0.05015  0.04893  0.50   58309    2853   56883   550997   9.45
1960-1969       73      0.05557  0.05407  0.50   55456    2998   53957   494114   8.91
1960-1969       74      0.06164  0.05980  0.50   52458    3137   50890   440157   8.39
1960-1969       75      0.06822  0.06597  0.50   49321    3254   47695   389267   7.89
1960-1969       76      0.07591  0.07313  0.50   46068    3369   44383   341573   7.41
1960-1969       77      0.08417  0.08077  0.50   42699    3449   40974   297190   6.96
1960-1969       78      0.09337  0.08920  0.50   39250    3501   37499   256215   6.53
1960-1969       79      0.10318  0.09812  0.50   35749    3508   33995   218716   6.12
1960-1969       80      0.11373  0.10761  0.50   32241    3470   30506   184721   5.73
1960-1969       81      0.12560  0.11818  0.50   28771    3400   27071   154215   5.36
1960-1969       82      0.13915  0.13010  0.50   25371    3301   23721   127143   5.01
1960-1969       83      0.15321  0.14231  0.50   22070    3141   20500   103422   4.69
1960-1969       84      0.16851  0.15542  0.50   18930    2942   17459    82922   4.38
1960-1969       85      0.18562  0.16985  0.50   15988    2716   14630    65464   4.09
1960-1969       86      0.20376  0.18492  0.50   13272    2454   12045    50834   3.83
1960-1969       87      0.22219  0.19997  0.50   10818    2163    9736    38789   3.59
1960-1969       88      0.24293  0.21662  0.50    8655    1875    7717    29053   3.36
1960-1969       89      0.26292  0.23237  0.50    6780    1575    5992    21336   3.15
1960-1969       90      0.28566  0.24996  0.50    5204    1301    4554    15344   2.95
1960-1969       91      0.31125  0.26934  0.50    3903    1051    3378    10790   2.76
1960-1969       92      0.33618  0.28780  0.50    2852     821    2442     7412   2.60
1960-1969       93      0.36342  0.30754  0.50    2031     625    1719     4970   2.45
1960-1969       94      0.38772  0.32476  0.50    1407     457    1178     3251   2.31
1960-1969       95      0.41612  0.34445  0.50     950     327     786     2073   2.18
1960-1969       96      0.44412  0.36342  0.50     623     226     509     1287   2.07
1960-1969       97      0.47251  0.38221  0.50     396     151     321      777   1.96
1960-1969       98      0.50111  0.40071  0.50     245      98     196      457   1.87
1960-1969       99      0.52973  0.41880  0.50     147      61     116      261   1.78
1960-1969      100      0.55819  0.43639  0.50      85      37      67      145   1.70
1960-1969      101      0.58631  0.45339  0.50      48      22      37       78   1.63
1960-1969      102      0.61391  0.46972  0.50      26      12      20       41   1.56
1960-1969      103      0.64083  0.48533  0.50      14       7      11       21   1.50
1960-1969      104      0.66694  0.50015  0.50       7       4       5       10   1.45
1960-1969      105      0.69210  0.51417  0.50       4       2       3        5   1.40
1960-1969      106      0.71620  0.52736  0.50       2       1       1        2   1.36
1960-1969      107      0.73917  0.53970  0.50       1       0       1        1   1.33
1960-1969      108      0.76093  0.55121  0.50       0       0       0        0   1.29
1960-1969      109      0.78144  0.56190  0.50       0       0       0        0   1.27
1960-1969      110+     0.80069  1.00000  1.25       0       0       0        0   1.25
1970-1979        0      0.01971  0.01937  0.11  100000    1937   98273  7170843  71.71
1970-1979        1      0.00125  0.00125  0.50   98063     122   98002  7072570  72.12
1970-1979        2      0.00080  0.00080  0.50   97941      79   97901  6974568  71.21
1970-1979        3      0.00067  0.00067  0.50   97862      66   97829  6876666  70.27
1970-1979        4      0.00058  0.00058  0.50   97796      57   97768  6778837  69.32
1970-1979        5      0.00053  0.00053  0.50   97739      52   97713  6681069  68.36
1970-1979        6      0.00049  0.00049  0.50   97687      48   97663  6583356  67.39
1970-1979        7      0.00045  0.00045  0.50   97639      44   97618  6485692  66.42
1970-1979        8      0.00038  0.00038  0.50   97596      37   97577  6388075  65.45
1970-1979        9      0.00035  0.00035  0.50   97559      34   97542  6290498  64.48
1970-1979       10      0.00031  0.00031  0.50   97525      30   97510  6192956  63.50
1970-1979       11      0.00031  0.00031  0.50   97494      30   97480  6095446  62.52
1970-1979       12      0.00032  0.00032  0.50   97465      31   97449  5997967  61.54
1970-1979       13      0.00034  0.00034  0.50   97433      33   97417  5900518  60.56
1970-1979       14      0.00041  0.00041  0.50   97400      40   97381  5803101  59.58
1970-1979       15      0.00054  0.00054  0.50   97361      53   97334  5705721  58.60
1970-1979       16      0.00087  0.00087  0.50   97308      84   97266  5608386  57.64
1970-1979       17      0.00099  0.00099  0.50   97223      96   97175  5511121  56.69
1970-1979       18      0.00127  0.00127  0.50   97127     123   97065  5413945  55.74
1970-1979       19      0.00127  0.00127  0.50   97004     124   96942  5316880  54.81
1970-1979       20      0.00123  0.00123  0.50   96880     119   96821  5219938  53.88
1970-1979       21      0.00117  0.00117  0.50   96761     113   96704  5123117  52.95
1970-1979       22      0.00112  0.00112  0.50   96648     108   96593  5026413  52.01
1970-1979       23      0.00106  0.00106  0.50   96539     102   96488  4929820  51.07
1970-1979       24      0.00104  0.00104  0.50   96437     100   96387  4833332  50.12
1970-1979       25      0.00101  0.00101  0.50   96337      97   96288  4736945  49.17
1970-1979       26      0.00101  0.00101  0.50   96240      97   96191  4640657  48.22
1970-1979       27      0.00104  0.00104  0.50   96143     100   96093  4544466  47.27
1970-1979       28      0.00106  0.00106  0.50   96043     102   95992  4448374  46.32
1970-1979       29      0.00111  0.00111  0.50   95941     106   95888  4352382  45.37
1970-1979       30      0.00117  0.00117  0.50   95835     112   95779  4256494  44.41
1970-1979       31      0.00123  0.00123  0.50   95723     118   95664  4160715  43.47
1970-1979       32      0.00130  0.00130  0.50   95605     125   95542  4065051  42.52
1970-1979       33      0.00139  0.00139  0.50   95480     133   95414  3969509  41.57
1970-1979       34      0.00146  0.00146  0.50   95347     139   95278  3874095  40.63
1970-1979       35      0.00155  0.00155  0.50   95208     147   95135  3778817  39.69
1970-1979       36      0.00168  0.00168  0.50   95061     159   94981  3683683  38.75
1970-1979       37      0.00184  0.00184  0.50   94902     175   94814  3588701  37.81
1970-1979       38      0.00197  0.00197  0.50   94727     187   94634  3493887  36.88
1970-1979       39      0.00217  0.00217  0.50   94540     205   94438  3399254  35.96
1970-1979       40      0.00235  0.00235  0.50   94335     221   94225  3304816  35.03
1970-1979       41      0.00259  0.00259  0.50   94114     244   93992  3210591  34.11
1970-1979       42      0.00284  0.00284  0.50   93870     267   93737  3116599  33.20
1970-1979       43      0.00314  0.00314  0.50   93604     294   93457  3022862  32.29
1970-1979       44      0.00342  0.00341  0.50   93310     318   93151  2929405  31.39
1970-1979       45      0.00374  0.00373  0.50   92992     347   92818  2836255  30.50
1970-1979       46      0.00409  0.00408  0.50   92645     378   92456  2743436  29.61
1970-1979       47      0.00444  0.00443  0.50   92267     408   92063  2650981  28.73
1970-1979       48      0.00483  0.00481  0.50   91858     442   91637  2558918  27.86
1970-1979       49      0.00523  0.00522  0.50   91416     477   91178  2467281  26.99
1970-1979       50      0.00572  0.00571  0.50   90939     519   90680  2376103  26.13
1970-1979       51      0.00620  0.00618  0.50   90420     559   90141  2285424  25.28
1970-1979       52      0.00666  0.00664  0.50   89861     596   89563  2195283  24.43
1970-1979       53      0.00717  0.00714  0.50   89265     638   88946  2105720  23.59
1970-1979       54      0.00781  0.00778  0.50   88627     689   88283  2016774  22.76
1970-1979       55      0.00852  0.00849  0.50   87938     746   87565  1928491  21.93
1970-1979       56      0.00933  0.00929  0.50   87192     810   86787  1840927  21.11
1970-1979       57      0.01025  0.01020  0.50   86382     881   85941  1754140  20.31
1970-1979       58      0.01123  0.01117  0.50   85500     955   85023  1668199  19.51
1970-1979       59      0.01236  0.01228  0.50   84545    1039   84026  1583176  18.73
1970-1979       60      0.01358  0.01349  0.50   83507    1126   82943  1499150  17.95
1970-1979       61      0.01498  0.01487  0.50   82380    1225   81768  1416207  17.19
1970-1979       62      0.01660  0.01646  0.50   81155    1336   80487  1334439  16.44
1970-1979       63      0.01832  0.01816  0.50   79820    1449   79095  1253952  15.71
1970-1979       64      0.02041  0.02021  0.50   78370    1584   77578  1174857  14.99
1970-1979       65      0.02277  0.02251  0.50   76787    1729   75922  1097278  14.29
1970-1979       66      0.02521  0.02489  0.50   75058    1868   74124  1021356  13.61
1970-1979       67      0.02796  0.02757  0.50   73190    2018   72180   947232  12.94
1970-1979       68      0.03118  0.03070  0.50   71171    2185   70079   875052  12.29
1970-1979       69      0.03466  0.03407  0.50   68987    2350   67811   804973  11.67
1970-1979       70      0.03853  0.03780  0.50   66636    2519   65377   737162  11.06
1970-1979       71      0.04265  0.04176  0.50   64118    2677   62779   671785  10.48
1970-1979       72      0.04703  0.04595  0.50   61440    2823   60029   609006   9.91
1970-1979       73      0.05214  0.05081  0.50   58617    2978   57128   548977   9.37
1970-1979       74      0.05755  0.05594  0.50   55639    3112   54082   491849   8.84
1970-1979       75      0.06376  0.06179  0.50   52526    3245   50904   437767   8.33
1970-1979       76      0.06978  0.06743  0.50   49281    3323   47619   386863   7.85
1970-1979       77      0.07708  0.07422  0.50   45958    3411   44252   339244   7.38
1970-1979       78      0.08473  0.08129  0.50   42547    3458   40817   294992   6.93
1970-1979       79      0.09358  0.08940  0.50   39088    3494   37341   254174   6.50
1970-1979       80      0.10316  0.09810  0.50   35594    3492   33848   216833   6.09
1970-1979       81      0.11474  0.10852  0.50   32102    3484   30360   182985   5.70
1970-1979       82      0.12670  0.11916  0.50   28618    3410   26913   152625   5.33
1970-1979       83      0.13948  0.13039  0.50   25208    3287   23565   125712   4.99
1970-1979       84      0.15489  0.14376  0.50   21921    3151   20346   102147   4.66
1970-1979       85      0.16945  0.15621  0.50   18770    2932   17304    81801   4.36
1970-1979       86      0.18580  0.17001  0.50   15838    2693   14492    64497   4.07
1970-1979       87      0.20477  0.18575  0.50   13145    2442   11925    50005   3.80
1970-1979       88      0.22469  0.20199  0.50   10704    2162    9623    38080   3.56
1970-1979       89      0.24332  0.21693  0.50    8542    1853    7615    28458   3.33
1970-1979       90      0.26643  0.23511  0.50    6689    1573    5902    20843   3.12
1970-1979       91      0.29046  0.25362  0.50    5116    1298    4467    14940   2.92
1970-1979       92      0.31436  0.27166  0.50    3819    1037    3300    10473   2.74
1970-1979       93      0.33701  0.28841  0.50    2781     802    2380     7173   2.58
1970-1979       94      0.36501  0.30867  0.50    1979     611    1674     4793   2.42
1970-1979       95      0.39416  0.32927  0.50    1368     450    1143     3120   2.28
1970-1979       96      0.42222  0.34862  0.50     918     320     758     1977   2.15
1970-1979       97      0.45080  0.36788  0.50     598     220     488     1219   2.04
1970-1979       98      0.47970  0.38690  0.50     378     146     305      731   1.93
1970-1979       99      0.50872  0.40556  0.50     232      94     185      426   1.84
1970-1979      100      0.53767  0.42375  0.50     138      58     109      242   1.75
1970-1979      101      0.56634  0.44136  0.50      79      35      62      133   1.68
1970-1979      102      0.59455  0.45831  0.50      44      20      34       71   1.61
1970-1979      103      0.62211  0.47451  0.50      24      11      18       37   1.54
1970-1979      104      0.64886  0.48992  0.50      13       6      10       19   1.49
1970-1979      105      0.67467  0.50449  0.50       6       3       5        9   1.44
1970-1979      106      0.69941  0.51820  0.50       3       2       2        4   1.39
1970-1979      107      0.72300  0.53103  0.50       2       1       1        2   1.35
1970-1979      108      0.74535  0.54299  0.50       1       0       1        1   1.32
1970-1979      109      0.76643  0.55409  0.50       0       0       0        0   1.29
1970-1979      110+     0.78622  1.00000  1.27       0       0       0        0   1.27
1980-1989        0      0.00964  0.00956  0.13  100000     956   99168  7478617  74.79
1980-1989        1      0.00075  0.00075  0.50   99044      75   99006  7379450  74.51
1980-1989        2      0.00048  0.00048  0.50   98969      47   98946  7280443  73.56
1980-1989        3      0.00038  0.00038  0.50   98922      38   98903  7181498  72.60
1980-1989        4      0.00031  0.00031  0.50   98884      31   98869  7082595  71.63
1980-1989        5      0.00029  0.00029  0.50   98854      29   98839  6983726  70.65
1980-1989        6      0.00026  0.00026  0.50   98825      26   98812  6884886  69.67
1980-1989        7      0.00025  0.00025  0.50   98799      25   98787  6786074  68.69
1980-1989        8      0.00023  0.00023  0.50   98774      23   98763  6687288  67.70
1980-1989        9      0.00021  0.00021  0.50   98751      21   98741  6588525  66.72
1980-1989       10      0.00020  0.00020  0.50   98731      20   98721  6489784  65.73
1980-1989       11      0.00020  0.00020  0.50   98711      20   98701  6391063  64.75
1980-1989       12      0.00021  0.00021  0.50   98692      20   98682  6292361  63.76
1980-1989       13      0.00023  0.00023  0.50   98671      22   98660  6193680  62.77
1980-1989       14      0.00027  0.00027  0.50   98649      27   98636  6095019  61.78
1980-1989       15      0.00036  0.00036  0.50   98622      36   98604  5996384  60.80
1980-1989       16      0.00054  0.00054  0.50   98586      53   98560  5897780  59.82
1980-1989       17      0.00065  0.00065  0.50   98533      64   98502  5799220  58.86
1980-1989       18      0.00086  0.00086  0.50   98470      85   98427  5700718  57.89
1980-1989       19      0.00088  0.00088  0.50   98385      87   98342  5602291  56.94
1980-1989       20      0.00086  0.00085  0.50   98298      84   98256  5503949  55.99
1980-1989       21      0.00082  0.00082  0.50   98214      80   98174  5405693  55.04
1980-1989       22      0.00079  0.00079  0.50   98134      77   98095  5307519  54.08
1980-1989       23      0.00078  0.00078  0.50   98056      77   98018  5209424  53.13
1980-1989       24      0.00077  0.00077  0.50   97979      75   97942  5111406  52.17
1980-1989       25      0.00077  0.00077  0.50   97904      75   97867  5013464  51.21
1980-1989       26      0.00077  0.00077  0.50   97829      76   97791  4915597  50.25
1980-1989       27      0.00079  0.00079  0.50   97753      77   97715  4817806  49.29
1980-1989       28      0.00082  0.00082  0.50   97677      80   97637  4720091  48.32
1980-1989       29      0.00085  0.00085  0.50   97597      83   97555  4622455  47.36
1980-1989       30      0.00089  0.00089  0.50   97513      86   97470  4524900  46.40
1980-1989       31      0.00095  0.00095  0.50   97427      92   97381  4427429  45.44
1980-1989       32      0.00100  0.00100  0.50   97335      97   97286  4330048  44.49
1980-1989       33      0.00104  0.00104  0.50   97238     101   97187  4232762  43.53
1980-1989       34      0.00111  0.00111  0.50   97137     108   97083  4135575  42.57
1980-1989       35      0.00120  0.00120  0.50   97029     116   96971  4038492  41.62
1980-1989       36      0.00131  0.00131  0.50   96913     127   96850  3941521  40.67
1980-1989       37      0.00144  0.00144  0.50   96786     140   96716  3844671  39.72
1980-1989       38      0.00159  0.00159  0.50   96647     154   96570  3747955  38.78
1980-1989       39      0.00174  0.00174  0.50   96493     168   96409  3651385  37.84
1980-1989       40      0.00192  0.00192  0.50   96325     185   96233  3554976  36.91
1980-1989       41      0.00210  0.00209  0.50   96140     201   96039  3458744  35.98
1980-1989       42      0.00230  0.00229  0.50   95939     220   95829  3362704  35.05
1980-1989       43      0.00251  0.00250  0.50   95719     240   95599  3266876  34.13
1980-1989       44      0.00274  0.00274  0.50   95479     262   95348  3171277  33.21
1980-1989       45      0.00305  0.00304  0.50   95218     290   95073  3075928  32.30
1980-1989       46      0.00333  0.00333  0.50   94928     316   94770  2980856  31.40
1980-1989       47      0.00366  0.00365  0.50   94612     345   94439  2886086  30.50
1980-1989       48      0.00400  0.00399  0.50   94267     376   94078  2791647  29.61
1980-1989       49      0.00439  0.00438  0.50   93890     411   93685  2697568  28.73
1980-1989       50      0.00493  0.00492  0.50   93479     460   93250  2603883  27.86
1980-1989       51      0.00535  0.00533  0.50   93020     496   92772  2510634  26.99
1980-1989       52      0.00591  0.00589  0.50   92524     545   92251  2417862  26.13
1980-1989       53      0.00646  0.00644  0.50   91979     592   91683  2325611  25.28
1980-1989       54      0.00707  0.00704  0.50   91387     644   91065  2233928  24.44
1980-1989       55      0.00765  0.00762  0.50   90743     691   90397  2142864  23.61
1980-1989       56      0.00843  0.00839  0.50   90052     756   89674  2052467  22.79
1980-1989       57      0.00904  0.00900  0.50   89296     803   88894  1962793  21.98
1980-1989       58      0.00986  0.00981  0.50   88493     868   88059  1873899  21.18
1980-1989       59      0.01065  0.01059  0.50   87625     928   87161  1785840  20.38
1980-1989       60      0.01174  0.01167  0.50   86697    1012   86191  1698679  19.59
1980-1989       61      0.01270  0.01262  0.50   85685    1081   85144  1612488  18.82
1980-1989       62      0.01371  0.01362  0.50   84604    1152   84028  1527344  18.05
1980-1989       63      0.01496  0.01485  0.50   83451    1239   82832  1443316  17.30
1980-1989       64      0.01619  0.01606  0.50   82212    1321   81552  1360484  16.55
1980-1989       65      0.01796  0.01780  0.50   80892    1440   80172  1278932  15.81
1980-1989       66      0.01972  0.01953  0.50   79452    1552   78676  1198761  15.09
1980-1989       67      0.02180  0.02156  0.50   77900    1680   77060  1120085  14.38
1980-1989       68      0.02416  0.02387  0.50   76220    1819   75310  1043025  13.68
1980-1989       69      0.02684  0.02648  0.50   74401    1970   73416   967715  13.01
1980-1989       70      0.02960  0.02917  0.50   72430    2113   71374   894299  12.35
1980-1989       71      0.03321  0.03266  0.50   70318    2297   69169   822925  11.70
1980-1989       72      0.03681  0.03615  0.50   68021    2459   66791   753756  11.08
1980-1989       73      0.04073  0.03992  0.50   65562    2617   64253   686965  10.48
1980-1989       74      0.04526  0.04426  0.50   62945    2786   61552   622711   9.89
1980-1989       75      0.05058  0.04933  0.50   60159    2968   58675   561160   9.33
1980-1989       76      0.05632  0.05478  0.50   57191    3133   55625   502485   8.79
1980-1989       77      0.06254  0.06064  0.50   54058    3278   52419   446860   8.27
1980-1989       78      0.06965  0.06730  0.50   50780    3418   49071   394440   7.77
1980-1989       79      0.07735  0.07447  0.50   47363    3527   45599   345369   7.29
1980-1989       80      0.08610  0.08255  0.50   43835    3619   42026   299770   6.84
1980-1989       81      0.09630  0.09188  0.50   40217    3695   38369   257744   6.41
1980-1989       82      0.10608  0.10074  0.50   36522    3679   34682   219375   6.01
1980-1989       83      0.11734  0.11083  0.50   32843    3640   31023   184693   5.62
1980-1989       84      0.12967  0.12178  0.50   29203    3556   27424   153670   5.26
1980-1989       85      0.14299  0.13345  0.50   25646    3422   23935   126245   4.92
1980-1989       86      0.15714  0.14569  0.50   22224    3238   20605   102310   4.60
1980-1989       87      0.17309  0.15930  0.50   18986    3025   17474    81705   4.30
1980-1989       88      0.18988  0.17342  0.50   15962    2768   14578    64231   4.02
1980-1989       89      0.20666  0.18731  0.50   13194    2471   11958    49654   3.76
1980-1989       90      0.22748  0.20425  0.50   10722    2190    9627    37696   3.52
1980-1989       91      0.24737  0.22015  0.50    8532    1878    7593    28069   3.29
1980-1989       92      0.26944  0.23745  0.50    6654    1580    5864    20476   3.08
1980-1989       93      0.29455  0.25674  0.50    5074    1303    4423    14612   2.88
1980-1989       94      0.31736  0.27390  0.50    3771    1033    3255    10189   2.70
1980-1989       95      0.34561  0.29469  0.50    2738     807    2335     6934   2.53
1980-1989       96      0.37286  0.31427  0.50    1931     607    1628     4599   2.38
1980-1989       97      0.40101  0.33403  0.50    1324     442    1103     2971   2.24
1980-1989       98      0.42988  0.35383  0.50     882     312     726     1868   2.12
1980-1989       99      0.45927  0.37350  0.50     570     213     464     1142   2.00
1980-1989      100      0.48898  0.39291  0.50     357     140     287      679   1.90
1980-1989      101      0.51878  0.41193  0.50     217      89     172      392   1.81
1980-1989      102      0.54846  0.43042  0.50     127      55     100      220   1.72
1980-1989      103      0.57779  0.44829  0.50      73      33      56      120   1.65
1980-1989      104      0.60658  0.46542  0.50      40      19      31       63   1.58
1980-1989      105      0.63462  0.48175  0.50      21      10      16       32   1.52
1980-1989      106      0.66175  0.49723  0.50      11       6       8       16   1.46
1980-1989      107      0.68781  0.51180  0.50       6       3       4        8   1.41
1980-1989      108      0.71269  0.52545  0.50       3       1       2        4   1.37
1980-1989      109      0.73629  0.53817  0.50       1       1       1        2   1.34
1980-1989      110+     0.75856  1.00000  1.32       1       1       1        1   1.32
1990-1999        0      0.00553  0.00551  0.14  100000     551   99525  7694140  76.94
1990-1999        1      0.00049  0.00049  0.50   99449      49   99425  7594615  76.37
1990-1999        2      0.00031  0.00031  0.50   99400      31   99385  7495190  75.40
1990-1999        3      0.00025  0.00025  0.50   99369      25   99357  7395805  74.43
1990-1999        4      0.00020  0.00020  0.50   99345      20   99335  7296448  73.45
1990-1999        5      0.00017  0.00017  0.50   99325      17   99317  7197113  72.46
1990-1999        6      0.00016  0.00016  0.50   99309      16   99301  7097797  71.47
1990-1999        7      0.00015  0.00015  0.50   99293      14   99285  6998496  70.48
1990-1999        8      0.00014  0.00014  0.50   99278      14   99271  6899210  69.49
1990-1999        9      0.00013  0.00013  0.50   99264      13   99258  6799939  68.50
1990-1999       10      0.00012  0.00012  0.50   99252      12   99245  6700681  67.51
1990-1999       11      0.00014  0.00014  0.50   99239      14   99232  6601436  66.52
1990-1999       12      0.00015  0.00015  0.50   99225      15   99218  6502204  65.53
1990-1999       13      0.00015  0.00015  0.50   99211      15   99203  6402986  64.54
1990-1999       14      0.00019  0.00019  0.50   99195      19   99186  6303783  63.55
1990-1999       15      0.00026  0.00026  0.50   99177      26   99164  6204597  62.56
1990-1999       16      0.00036  0.00036  0.50   99151      35   99134  6105433  61.58
1990-1999       17      0.00044  0.00044  0.50   99116      44   99094  6006299  60.60
1990-1999       18      0.00067  0.00067  0.50   99072      66   99039  5907205  59.63
1990-1999       19      0.00070  0.00070  0.50   99006      69   98971  5808166  58.66
1990-1999       20      0.00067  0.00067  0.50   98937      66   98903  5709195  57.71
1990-1999       21      0.00068  0.00068  0.50   98870      67   98837  5610291  56.74
1990-1999       22      0.00067  0.00067  0.50   98803      66   98770  5511455  55.78
1990-1999       23      0.00066  0.00066  0.50   98737      65   98705  5412684  54.82
1990-1999       24      0.00065  0.00065  0.50   98672      64   98640  5313979  53.85
1990-1999       25      0.00066  0.00066  0.50   98608      65   98575  5215339  52.89
1990-1999       26      0.00065  0.00065  0.50   98543      64   98511  5116764  51.92
1990-1999       27      0.00067  0.00067  0.50   98479      66   98446  5018253  50.96
1990-1999       28      0.00070  0.00070  0.50   98413      69   98379  4919808  49.99
1990-1999       29      0.00073  0.00073  0.50   98344      72   98308  4821429  49.03
1990-1999       30      0.00076  0.00076  0.50   98273      75   98235  4723121  48.06
1990-1999       31      0.00079  0.00079  0.50   98198      78   98159  4624885  47.10
1990-1999       32      0.00085  0.00085  0.50   98120      83   98079  4526726  46.13
1990-1999       33      0.00091  0.00091  0.50   98037      89   97993  4428648  45.17
1990-1999       34      0.00098  0.00098  0.50   97948      96   97900  4330655  44.21
1990-1999       35      0.00106  0.00106  0.50   97852     103   97800  4232755  43.26
1990-1999       36      0.00115  0.00115  0.50   97748     112   97692  4134955  42.30
1990-1999       37      0.00127  0.00127  0.50   97636     124   97574  4037262  41.35
1990-1999       38      0.00135  0.00135  0.50   97512     132   97446  3939688  40.40
1990-1999       39      0.00149  0.00149  0.50   97380     145   97308  3842242  39.46
1990-1999       40      0.00166  0.00165  0.50   97236     161   97155  3744934  38.51
1990-1999       41      0.00180  0.00180  0.50   97075     175   96987  3647779  37.58
1990-1999       42      0.00198  0.00198  0.50   96900     192   96804  3550791  36.64
1990-1999       43      0.00218  0.00218  0.50   96708     211   96602  3453988  35.72
1990-1999       44      0.00236  0.00235  0.50   96497     227   96383  3357385  34.79
1990-1999       45      0.00263  0.00263  0.50   96270     253   96143  3261002  33.87
1990-1999       46      0.00285  0.00284  0.50   96017     273   95880  3164859  32.96
1990-1999       47      0.00312  0.00312  0.50   95743     298   95594  3068979  32.05
1990-1999       48      0.00345  0.00344  0.50   95445     328   95281  2973385  31.15
1990-1999       49      0.00376  0.00375  0.50   95117     357   94938  2878104  30.26
1990-1999       50      0.00418  0.00417  0.50   94760     396   94562  2783165  29.37
1990-1999       51      0.00452  0.00451  0.50   94365     425   94152  2688603  28.49
1990-1999       52      0.00492  0.00491  0.50   93939     461   93709  2594451  27.62
1990-1999       53      0.00534  0.00532  0.50   93478     498   93229  2500742  26.75
1990-1999       54      0.00585  0.00583  0.50   92981     542   92709  2407513  25.89
1990-1999       55      0.00631  0.00629  0.50   92438     582   92147  2314803  25.04
1990-1999       56      0.00687  0.00685  0.50   91857     629   91542  2222656  24.20
1990-1999       57      0.00756  0.00753  0.50   91228     687   90884  2131114  23.36
1990-1999       58      0.00822  0.00819  0.50   90540     741   90170  2040230  22.53
1990-1999       59      0.00913  0.00909  0.50   89799     816   89391  1950060  21.72
1990-1999       60      0.01011  0.01006  0.50   88983     895   88535  1860669  20.91
1990-1999       61      0.01111  0.01105  0.50   88088     973   87601  1772134  20.12
1990-1999       62      0.01229  0.01221  0.50   87114    1064   86582  1684532  19.34
1990-1999       63      0.01349  0.01340  0.50   86050    1153   85474  1597950  18.57
1990-1999       64      0.01479  0.01468  0.50   84898    1246   84275  1512476  17.82
1990-1999       65      0.01607  0.01594  0.50   83652    1334   82985  1428201  17.07
1990-1999       66      0.01747  0.01731  0.50   82318    1425   81605  1345216  16.34
1990-1999       67      0.01906  0.01888  0.50   80893    1527   80129  1263611  15.62
1990-1999       68      0.02079  0.02057  0.50   79366    1633   78549  1183482  14.91
1990-1999       69      0.02269  0.02243  0.50   77733    1744   76861  1104933  14.21
1990-1999       70      0.02493  0.02463  0.50   75989    1871   75053  1028072  13.53
1990-1999       71      0.02715  0.02678  0.50   74118    1985   73125   953019  12.86
1990-1999       72      0.02979  0.02936  0.50   72132    2118   71074   879894  12.20
1990-1999       73      0.03271  0.03218  0.50   70015    2253   68888   808820  11.55
1990-1999       74      0.03608  0.03544  0.50   67762    2401   66561   739932  10.92
1990-1999       75      0.04035  0.03955  0.50   65361    2585   64068   673370  10.30
1990-1999       76      0.04466  0.04368  0.50   62776    2742   61405   609302   9.71
1990-1999       77      0.04990  0.04869  0.50   60033    2923   58572   547898   9.13
1990-1999       78      0.05589  0.05437  0.50   57111    3105   55558   489326   8.57
1990-1999       79      0.06269  0.06078  0.50   54006    3283   52364   433768   8.03
1990-1999       80      0.06995  0.06758  0.50   50723    3428   49009   381403   7.52
1990-1999       81      0.07927  0.07625  0.50   47295    3606   45492   332394   7.03
1990-1999       82      0.08834  0.08461  0.50   43689    3696   41841   286902   6.57
1990-1999       83      0.09845  0.09383  0.50   39992    3752   38116   245062   6.13
1990-1999       84      0.10988  0.10415  0.50   36240    3775   34353   206945   5.71
1990-1999       85      0.12260  0.11551  0.50   32465    3750   30590   172593   5.32
1990-1999       86      0.13674  0.12799  0.50   28715    3675   26878   142002   4.95
1990-1999       87      0.15231  0.14153  0.50   25040    3544   23268   115125   4.60
1990-1999       88      0.16959  0.15633  0.50   21496    3361   19816    91857   4.27
1990-1999       89      0.18742  0.17136  0.50   18136    3108   16582    72041   3.97
1990-1999       90      0.20966  0.18977  0.50   15028    2852   13602    55459   3.69
1990-1999       91      0.23056  0.20673  0.50   12176    2517   10918    41857   3.44
1990-1999       92      0.25309  0.22466  0.50    9659    2170    8574    30939   3.20
1990-1999       93      0.27628  0.24275  0.50    7489    1818    6580    22365   2.99
1990-1999       94      0.30326  0.26333  0.50    5671    1493    4924    15785   2.78
1990-1999       95      0.33065  0.28374  0.50    4178    1185    3585    10861   2.60
1990-1999       96      0.35968  0.30486  0.50    2992     912    2536     7276   2.43
1990-1999       97      0.38988  0.32628  0.50    2080     679    1741     4740   2.28
1990-1999       98      0.42105  0.34783  0.50    1401     487    1158     2999   2.14
1990-1999       99      0.45296  0.36932  0.50     914     338     745     1841   2.01
1990-1999      100      0.48535  0.39057  0.50     576     225     464     1096   1.90
1990-1999      101      0.51796  0.41141  0.50     351     145     279      632   1.80
1990-1999      102      0.55049  0.43167  0.50     207      89     162      353   1.71
1990-1999      103      0.58267  0.45122  0.50     118      53      91      191   1.63
1990-1999      104      0.61424  0.46992  0.50      64      30      49      100   1.56
1990-1999      105      0.64493  0.48767  0.50      34      17      26       51   1.49
1990-1999      106      0.67453  0.50441  0.50      18       9      13       25   1.43
1990-1999      107      0.70284  0.52008  0.50       9       5       6       12   1.38
1990-1999      108      0.72973  0.53465  0.50       4       2       3        6   1.34
1990-1999      109      0.75506  0.54813  0.50       2       1       1        3   1.31
1990-1999      110+     0.77878  1.00000  1.28       1       1       1        1   1.28
2000-2009        0      0.00408  0.00407  0.14  100000     407   99651  7924136  79.24
2000-2009        1      0.00036  0.00036  0.50   99593      36   99575  7824486  78.56
2000-2009        2      0.00020  0.00020  0.50   99557      20   99547  7724911  77.59
2000-2009        3      0.00017  0.00017  0.50   99537      17   99528  7625364  76.61
2000-2009        4      0.00013  0.00013  0.50   99520      13   99513  7525835  75.62
2000-2009        5      0.00012  0.00012  0.50   99507      12   99501  7426322  74.63
2000-2009        6      0.00011  0.00011  0.50   99495      11   99490  7326821  73.64
2000-2009        7      0.00010  0.00010  0.50   99484      10   99480  7227332  72.65
2000-2009        8      0.00010  0.00010  0.50   99475      10   99470  7127852  71.65
2000-2009        9      0.00009  0.00009  0.50   99465       9   99461  7028382  70.66
2000-2009       10      0.00009  0.00009  0.50   99456       9   99452  6928922  69.67
2000-2009       11      0.00011  0.00011  0.50   99448      11   99442  6829469  68.67
2000-2009       12      0.00011  0.00011  0.50   99437      11   99432  6730027  67.68
2000-2009       13      0.00012  0.00012  0.50   99426      12   99421  6630595  66.69
2000-2009       14      0.00015  0.00015  0.50   99415      14   99407  6531175  65.70
2000-2009       15      0.00019  0.00019  0.50   99400      19   99391  6431767  64.71
2000-2009       16      0.00026  0.00026  0.50   99382      26   99369  6332376  63.72
2000-2009       17      0.00031  0.00031  0.50   99355      31   99340  6233008  62.73
2000-2009       18      0.00047  0.00047  0.50   99325      47   99301  6133667  61.75
2000-2009       19      0.00047  0.00047  0.50   99278      47   99255  6034366  60.78
2000-2009       20      0.00049  0.00049  0.50   99231      48   99207  5935111  59.81
2000-2009       21      0.00046  0.00046  0.50   99183      46   99160  5835905  58.84
2000-2009       22      0.00047  0.00047  0.50   99137      47   99113  5736745  57.87
2000-2009       23      0.00046  0.00046  0.50   99090      46   99067  5637632  56.89
2000-2009       24      0.00047  0.00046  0.50   99044      46   99021  5538565  55.92
2000-2009       25      0.00046  0.00046  0.50   98998      46   98975  5439544  54.95
2000-2009       26      0.00048  0.00048  0.50   98952      47   98929  5340569  53.97
2000-2009       27      0.00049  0.00049  0.50   98905      48   98881  5241640  53.00
2000-2009       28      0.00049  0.00049  0.50   98857      49   98832  5142759  52.02
2000-2009       29      0.00050  0.00050  0.50   98808      50   98783  5043926  51.05
2000-2009       30      0.00053  0.00053  0.50   98758      52   98732  4945143  50.07
2000-2009       31      0.00057  0.00057  0.50   98706      57   98678  4846411  49.10
2000-2009       32      0.00059  0.00059  0.50   98649      59   98620  4747733  48.13
2000-2009       33      0.00063  0.00063  0.50   98591      62   98560  4649113  47.16
2000-2009       34      0.00069  0.00069  0.50   98529      68   98495  4550553  46.19
2000-2009       35      0.00074  0.00074  0.50   98461      73   98425  4452058  45.22
2000-2009       36      0.00079  0.00079  0.50   98388      78   98349  4353634  44.25
2000-2009       37      0.00086  0.00086  0.50   98310      85   98267  4255285  43.28
2000-2009       38      0.00096  0.00096  0.50   98225      94   98178  4157017  42.32
2000-2009       39      0.00107  0.00107  0.50   98131     105   98078  4058840  41.36
2000-2009       40      0.00118  0.00118  0.50   98026     116   97968  3960761  40.41
2000-2009       41      0.00131  0.00131  0.50   97910     128   97846  3862793  39.45
2000-2009       42      0.00148  0.00148  0.50   97782     145   97709  3764948  38.50
2000-2009       43      0.00167  0.00167  0.50   97637     163   97555  3667238  37.56
2000-2009       44      0.00183  0.00182  0.50   97474     178   97385  3569683  36.62
2000-2009       45      0.00208  0.00208  0.50   97296     202   97195  3472298  35.69
2000-2009       46      0.00234  0.00234  0.50   97093     227   96980  3375103  34.76
2000-2009       47      0.00261  0.00260  0.50   96867     252   96740  3278123  33.84
2000-2009       48      0.00287  0.00287  0.50   96614     277   96476  3181383  32.93
2000-2009       49      0.00317  0.00317  0.50   96337     305   96185  3084907  32.02
2000-2009       50      0.00348  0.00347  0.50   96032     334   95865  2988723  31.12
2000-2009       51      0.00381  0.00380  0.50   95698     364   95516  2892857  30.23
2000-2009       52      0.00420  0.00419  0.50   95334     400   95135  2797341  29.34
2000-2009       53      0.00454  0.00453  0.50   94935     430   94720  2702206  28.46
2000-2009       54      0.00498  0.00496  0.50   94505     469   94270  2607486  27.59
2000-2009       55      0.00544  0.00542  0.50   94036     510   93781  2513216  26.73
2000-2009       56      0.00587  0.00586  0.50   93526     548   93252  2419435  25.87
2000-2009       57      0.00638  0.00636  0.50   92978     591   92683  2326183  25.02
2000-2009       58      0.00704  0.00701  0.50   92387     648   92063  2233501  24.18
2000-2009       59      0.00755  0.00752  0.50   91739     690   91394  2141438  23.34
2000-2009       60      0.00829  0.00826  0.50   91049     752   90673  2050044  22.52
2000-2009       61      0.00896  0.00892  0.50   90297     806   89894  1959371  21.70
2000-2009       62      0.00973  0.00969  0.50   89492     867   89058  1869476  20.89
2000-2009       63      0.01052  0.01046  0.50   88625     927   88161  1780418  20.09
2000-2009       64      0.01134  0.01128  0.50   87697     989   87203  1692257  19.30
2000-2009       65      0.01245  0.01237  0.50   86709    1073   86172  1605054  18.51
2000-2009       66      0.01350  0.01341  0.50   85636    1148   85061  1518882  17.74
2000-2009       67      0.01470  0.01459  0.50   84487    1233   83871  1433820  16.97
2000-2009       68      0.01610  0.01597  0.50   83255    1330   82590  1349949  16.21
2000-2009       69      0.01773  0.01757  0.50   81925    1439   81205  1267359  15.47
2000-2009       70      0.01962  0.01943  0.50   80485    1564   79704  1186154  14.74
2000-2009       71      0.02186  0.02162  0.50   78922    1707   78069  1106451  14.02
2000-2009       72      0.02431  0.02402  0.50   77215    1855   76288  1028382  13.32
2000-2009       73      0.02685  0.02650  0.50   75361    1997   74362   952094  12.63
2000-2009       74      0.02974  0.02930  0.50   73364    2150   72289   877732  11.96
2000-2009       75      0.03307  0.03253  0.50   71214    2317   70056   805443  11.31
2000-2009       76      0.03651  0.03586  0.50   68898    2470   67662   735387  10.67
2000-2009       77      0.04063  0.03982  0.50   66427    2645   65105   667725  10.05
2000-2009       78      0.04534  0.04434  0.50   63782    2828   62368   602620   9.45
2000-2009       79      0.05038  0.04914  0.50   60954    2995   59457   540252   8.86
2000-2009       80      0.05780  0.05617  0.50   57959    3256   56331   480795   8.30
2000-2009       81      0.06437  0.06236  0.50   54703    3411   52997   424464   7.76
2000-2009       82      0.07176  0.06927  0.50   51292    3553   49515   371467   7.24
2000-2009       83      0.08073  0.07760  0.50   47739    3704   45886   321952   6.74
2000-2009       84      0.09022  0.08632  0.50   44034    3801   42134   276065   6.27
2000-2009       85      0.10265  0.09764  0.50   40233    3928   38269   233932   5.81
2000-2009       86      0.11613  0.10975  0.50   36305    3985   34312   195663   5.39
2000-2009       87      0.13156  0.12344  0.50   32320    3990   30325   161350   4.99
2000-2009       88      0.14761  0.13746  0.50   28331    3894   26383   131025   4.62
2000-2009       89      0.16583  0.15314  0.50   24436    3742   22565   104642   4.28
2000-2009       90      0.18370  0.16824  0.50   20694    3482   18953    82076   3.97
2000-2009       91      0.20855  0.18885  0.50   17212    3251   15587    63123   3.67
2000-2009       92      0.23116  0.20721  0.50   13962    2893   12515    47536   3.40
2000-2009       93      0.25288  0.22450  0.50   11069    2485    9826    35021   3.16
2000-2009       94      0.27931  0.24509  0.50    8584    2104    7532    25194   2.94
2000-2009       95      0.30790  0.26683  0.50    6480    1729    5616    17662   2.73
2000-2009       96      0.33798  0.28912  0.50    4751    1374    4064    12047   2.54
2000-2009       97      0.36951  0.31189  0.50    3377    1053    2851     7983   2.36
2000-2009       98      0.40230  0.33493  0.50    2324     778    1935     5132   2.21
2000-2009       99      0.43607  0.35801  0.50    1546     553    1269     3197   2.07
2000-2009      100      0.47053  0.38091  0.50     992     378     803     1928   1.94
2000-2009      101      0.50535  0.40342  0.50     614     248     490     1125   1.83
2000-2009      102      0.54019  0.42531  0.50     366     156     289      634   1.73
2000-2009      103      0.57470  0.44642  0.50     211      94     164      346   1.64
2000-2009      104      0.60856  0.46659  0.50     117      54      89      182   1.56
2000-2009      105      0.64145  0.48568  0.50      62      30      47       93   1.49
2000-2009      106      0.67311  0.50361  0.50      32      16      24       46   1.43
2000-2009      107      0.70330  0.52033  0.50      16       8      12       22   1.38
2000-2009      108      0.73185  0.53579  0.50       8       4       6       10   1.34
2000-2009      109      0.75862  0.55000  0.50       4       2       3        5   1.30
2000-2009      110+     0.78353  1.00000  1.28       2       2       2        2   1.28
2010-2017        0      0.00352  0.00351  0.14  100000     351   99699  8071474  80.71
2010-2017        1      0.00027  0.00027  0.50   99649      27   99636  7971775  80.00
2010-2017        2      0.00015  0.00015  0.50   99623      15   99615  7872139  79.02
2010-2017        3      0.00012  0.00012  0.50   99608      12   99602  7772523  78.03
2010-2017        4      0.00010  0.00010  0.50   99596      10   99591  7672921  77.04
2010-2017        5      0.00010  0.00010  0.50   99586      10   99581  7573330  76.05
2010-2017        6      0.00009  0.00009  0.50   99576       8   99572  7473749  75.06
2010-2017        7      0.00007  0.00007  0.50   99567       7   99564  7374177  74.06
2010-2017        8      0.00008  0.00008  0.50   99560       8   99556  7274614  73.07
2010-2017        9      0.00007  0.00007  0.50   99552       7   99548  7175058  72.07
2010-2017       10      0.00006  0.00006  0.50   99545       6   99541  7075509  71.08
2010-2017       11      0.00008  0.00008  0.50   99538       8   99534  6975968  70.08
2010-2017       12      0.00008  0.00008  0.50   99531       8   99527  6876434  69.09
2010-2017       13      0.00010  0.00010  0.50   99522      10   99518  6776907  68.09
2010-2017       14      0.00011  0.00011  0.50   99513      11   99507  6677389  67.10
2010-2017       15      0.00014  0.00014  0.50   99502      14   99494  6577882  66.11
2010-2017       16      0.00020  0.00020  0.50   99487      19   99478  6478388  65.12
2010-2017       17      0.00023  0.00023  0.50   99468      23   99457  6378910  64.13
2010-2017       18      0.00031  0.00031  0.50   99445      31   99430  6279454  63.14
2010-2017       19      0.00032  0.00032  0.50   99414      32   99398  6180024  62.16
2010-2017       20      0.00033  0.00033  0.50   99382      33   99366  6080626  61.18
2010-2017       21      0.00032  0.00032  0.50   99349      32   99333  5981260  60.20
2010-2017       22      0.00033  0.00033  0.50   99317      32   99301  5881927  59.22
2010-2017       23      0.00034  0.00034  0.50   99285      34   99268  5782625  58.24
2010-2017       24      0.00034  0.00034  0.50   99251      34   99234  5683358  57.26
2010-2017       25      0.00035  0.00035  0.50   99217      35   99199  5584124  56.28
2010-2017       26      0.00036  0.00036  0.50   99182      36   99164  5484924  55.30
2010-2017       27      0.00037  0.00037  0.50   99146      37   99128  5385760  54.32
2010-2017       28      0.00039  0.00039  0.50   99109      38   99090  5286633  53.34
2010-2017       29      0.00042  0.00042  0.50   99071      42   99050  5187543  52.36
2010-2017       30      0.00044  0.00044  0.50   99029      44   99007  5088493  51.38
2010-2017       31      0.00048  0.00048  0.50   98985      47   98962  4989486  50.41
2010-2017       32      0.00051  0.00051  0.50   98938      50   98913  4890524  49.43
2010-2017       33      0.00055  0.00055  0.50   98888      55   98860  4791612  48.45
2010-2017       34      0.00058  0.00058  0.50   98833      58   98804  4692751  47.48
2010-2017       35      0.00062  0.00062  0.50   98775      61   98745  4593947  46.51
2010-2017       36      0.00066  0.00066  0.50   98714      65   98682  4495202  45.54
2010-2017       37      0.00071  0.00071  0.50   98649      70   98614  4396521  44.57
2010-2017       38      0.00080  0.00080  0.50   98579      79   98539  4297907  43.60
2010-2017       39      0.00085  0.00085  0.50   98500      84   98458  4199367  42.63
2010-2017       40      0.00094  0.00094  0.50   98416      93   98369  4100910  41.67
2010-2017       41      0.00101  0.00101  0.50   98323     100   98273  4002540  40.71
2010-2017       42      0.00113  0.00113  0.50   98223     111   98167  3904267  39.75
2010-2017       43      0.00128  0.00127  0.50   98112     125   98049  3806100  38.79
2010-2017       44      0.00141  0.00141  0.50   97987     138   97918  3708051  37.84
2010-2017       45      0.00157  0.00157  0.50   97848     153   97772  3610133  36.90
2010-2017       46      0.00173  0.00173  0.50   97695     169   97611  3512362  35.95
2010-2017       47      0.00195  0.00194  0.50   97526     190   97431  3414751  35.01
2010-2017       48      0.00217  0.00217  0.50   97336     211   97231  3317320  34.08
2010-2017       49      0.00247  0.00246  0.50   97125     239   97006  3220089  33.15
2010-2017       50      0.00271  0.00271  0.50   96886     263   96755  3123084  32.23
2010-2017       51      0.00307  0.00306  0.50   96623     296   96475  3026329  31.32
2010-2017       52      0.00345  0.00344  0.50   96327     331   96162  2929854  30.42
2010-2017       53      0.00383  0.00382  0.50   95996     367   95813  2833692  29.52
2010-2017       54      0.00427  0.00426  0.50   95629     407   95426  2737879  28.63
2010-2017       55      0.00469  0.00467  0.50   95222     445   94999  2642454  27.75
2010-2017       56      0.00517  0.00515  0.50   94777     489   94533  2547454  26.88
2010-2017       57      0.00569  0.00567  0.50   94288     535   94021  2452921  26.02
2010-2017       58      0.00627  0.00625  0.50   93754     586   93461  2358900  25.16
2010-2017       59      0.00687  0.00685  0.50   93168     638   92849  2265439  24.32
2010-2017       60      0.00757  0.00754  0.50   92530     698   92181  2172590  23.48
2010-2017       61      0.00821  0.00817  0.50   91832     751   91457  2080409  22.65
2010-2017       62      0.00887  0.00883  0.50   91082     804   90679  1988952  21.84
2010-2017       63      0.00962  0.00958  0.50   90277     865   89845  1898273  21.03
2010-2017       64      0.01054  0.01049  0.50   89412     938   88944  1808428  20.23
2010-2017       65      0.01146  0.01139  0.50   88475    1008   87971  1719485  19.43
2010-2017       66      0.01247  0.01240  0.50   87467    1084   86925  1631514  18.65
2010-2017       67      0.01344  0.01335  0.50   86383    1153   85806  1544589  17.88
2010-2017       68      0.01455  0.01444  0.50   85229    1231   84614  1458783  17.12
2010-2017       69      0.01573  0.01560  0.50   83998    1311   83343  1374169  16.36
2010-2017       70      0.01718  0.01703  0.50   82688    1408   81984  1290826  15.61
2010-2017       71      0.01857  0.01840  0.50   81279    1495   80532  1208843  14.87
2010-2017       72      0.02024  0.02004  0.50   79784    1599   78984  1128311  14.14
2010-2017       73      0.02212  0.02188  0.50   78185    1710   77330  1049327  13.42
2010-2017       74      0.02411  0.02382  0.50   76475    1822   75564   971997  12.71
2010-2017       75      0.02696  0.02660  0.50   74653    1986   73660   896433  12.01
2010-2017       76      0.02991  0.02947  0.50   72667    2141   71596   822774  11.32
2010-2017       77      0.03351  0.03296  0.50   70525    2324   69363   751178  10.65
2010-2017       78      0.03788  0.03717  0.50   68201    2535   66933   681815  10.00
2010-2017       79      0.04292  0.04202  0.50   65666    2759   64286   614882   9.36
2010-2017       80      0.04883  0.04767  0.50   62906    2999   61407   550596   8.75
2010-2017       81      0.05586  0.05434  0.50   59907    3256   58280   489189   8.17
2010-2017       82      0.06384  0.06186  0.50   56652    3505   54900   430909   7.61
2010-2017       83      0.07225  0.06973  0.50   53147    3706   51294   376010   7.07
2010-2017       84      0.08233  0.07907  0.50   49442    3909   47487   324715   6.57
2010-2017       85      0.09361  0.08942  0.50   45532    4072   43496   277229   6.09
2010-2017       86      0.10622  0.10086  0.50   41461    4182   39370   233732   5.64
2010-2017       87      0.12001  0.11322  0.50   37279    4221   35168   194363   5.21
2010-2017       88      0.13608  0.12741  0.50   33058    4212   30952   159194   4.82
2010-2017       89      0.15340  0.14247  0.50   28846    4110   26791   128242   4.45
2010-2017       90      0.17475  0.16070  0.50   24736    3975   22749   101451   4.10
2010-2017       91      0.19539  0.17800  0.50   20761    3695   18913    78702   3.79
2010-2017       92      0.21856  0.19703  0.50   17066    3362   15385    59788   3.50
2010-2017       93      0.24243  0.21622  0.50   13703    2963   12222    44404   3.24
2010-2017       94      0.26645  0.23512  0.50   10740    2525    9478    32182   3.00
2010-2017       95      0.29919  0.26025  0.50    8215    2138    7146    22704   2.76
2010-2017       96      0.33068  0.28376  0.50    6077    1724    5215    15558   2.56
2010-2017       97      0.36392  0.30790  0.50    4353    1340    3683    10344   2.38
2010-2017       98      0.39867  0.33241  0.50    3012    1001    2512     6661   2.21
2010-2017       99      0.43460  0.35702  0.50    2011     718    1652     4149   2.06
2010-2017      100      0.47137  0.38146  0.50    1293     493    1046     2497   1.93
2010-2017      101      0.50857  0.40547  0.50     800     324     638     1451   1.81
2010-2017      102      0.54579  0.42878  0.50     476     204     374      813   1.71
2010-2017      103      0.58260  0.45117  0.50     272     123     210      440   1.62
2010-2017      104      0.61860  0.47247  0.50     149      70     114      229   1.54
2010-2017      105      0.65342  0.49251  0.50      79      39      59      115   1.47
2010-2017      106      0.68672  0.51120  0.50      40      20      30       56   1.41
2010-2017      107      0.71826  0.52847  0.50      20      10      14       26   1.35
2010-2017      108      0.74784  0.54431  0.50       9       5       7       12   1.31
2010-2017      109      0.77531  0.55872  0.50       4       2       3        5   1.27
2010-2017      110+     0.80061  1.00000  1.25       2       2       2        2   1.25
