United Kingdom, Life tables (period 1x10), Total	Last modified: 11 Jul 2020;  Methods Protocol: v6 (2017)

  Year          Age         mx       qx    ax      lx      dx      Lx       Tx     ex
1922-1929        0      0.07704  0.07310  0.30  100000    7310   94893  5857620  58.58
1922-1929        1      0.02184  0.02160  0.50   92690    2002   91688  5762727  62.17
1922-1929        2      0.00920  0.00916  0.50   90687     830   90272  5671039  62.53
1922-1929        3      0.00544  0.00543  0.50   89857     488   89613  5580766  62.11
1922-1929        4      0.00395  0.00394  0.50   89369     352   89193  5491153  61.44
1922-1929        5      0.00346  0.00346  0.50   89017     308   88863  5401960  60.68
1922-1929        6      0.00271  0.00271  0.50   88710     240   88589  5313097  59.89
1922-1929        7      0.00225  0.00225  0.50   88469     199   88370  5224507  59.05
1922-1929        8      0.00194  0.00194  0.50   88270     171   88185  5136137  58.19
1922-1929        9      0.00175  0.00175  0.50   88099     154   88022  5047953  57.30
1922-1929       10      0.00161  0.00161  0.50   87945     141   87875  4959930  56.40
1922-1929       11      0.00156  0.00156  0.50   87804     137   87736  4872055  55.49
1922-1929       12      0.00159  0.00159  0.50   87667     139   87598  4784320  54.57
1922-1929       13      0.00170  0.00170  0.50   87528     148   87454  4696722  53.66
1922-1929       14      0.00191  0.00191  0.50   87380     167   87297  4609267  52.75
1922-1929       15      0.00213  0.00212  0.50   87213     185   87121  4521971  51.85
1922-1929       16      0.00240  0.00239  0.50   87028     208   86924  4434850  50.96
1922-1929       17      0.00263  0.00262  0.50   86820     228   86706  4347926  50.08
1922-1929       18      0.00284  0.00284  0.50   86592     246   86469  4261220  49.21
1922-1929       19      0.00299  0.00299  0.50   86346     258   86217  4174751  48.35
1922-1929       20      0.00313  0.00312  0.50   86088     269   85954  4088534  47.49
1922-1929       21      0.00321  0.00320  0.50   85820     275   85682  4002580  46.64
1922-1929       22      0.00323  0.00322  0.50   85545     276   85407  3916898  45.79
1922-1929       23      0.00330  0.00330  0.50   85269     281   85128  3831491  44.93
1922-1929       24      0.00342  0.00341  0.50   84988     290   84843  3746362  44.08
1922-1929       25      0.00340  0.00339  0.50   84698     287   84554  3661520  43.23
1922-1929       26      0.00348  0.00347  0.50   84411     293   84264  3576965  42.38
1922-1929       27      0.00360  0.00360  0.50   84118     302   83966  3492701  41.52
1922-1929       28      0.00364  0.00363  0.50   83815     304   83663  3408735  40.67
1922-1929       29      0.00368  0.00367  0.50   83511     307   83357  3325072  39.82
1922-1929       30      0.00378  0.00377  0.50   83204     314   83047  3241714  38.96
1922-1929       31      0.00374  0.00373  0.50   82890     309   82735  3158667  38.11
1922-1929       32      0.00406  0.00405  0.50   82581     334   82414  3075932  37.25
1922-1929       33      0.00408  0.00407  0.50   82247     335   82079  2993518  36.40
1922-1929       34      0.00430  0.00429  0.50   81912     352   81736  2911439  35.54
1922-1929       35      0.00450  0.00449  0.50   81560     366   81377  2829703  34.69
1922-1929       36      0.00470  0.00469  0.50   81194     381   81004  2748325  33.85
1922-1929       37      0.00491  0.00490  0.50   80813     396   80615  2667322  33.01
1922-1929       38      0.00540  0.00538  0.50   80417     433   80201  2586706  32.17
1922-1929       39      0.00562  0.00561  0.50   79984     449   79760  2506506  31.34
1922-1929       40      0.00583  0.00581  0.50   79536     462   79305  2426745  30.51
1922-1929       41      0.00582  0.00580  0.50   79074     459   78844  2347441  29.69
1922-1929       42      0.00677  0.00675  0.50   78615     530   78350  2268596  28.86
1922-1929       43      0.00671  0.00669  0.50   78085     522   77824  2190246  28.05
1922-1929       44      0.00699  0.00697  0.50   77562     540   77292  2112423  27.24
1922-1929       45      0.00758  0.00755  0.50   77022     582   76731  2035131  26.42
1922-1929       46      0.00789  0.00786  0.50   76440     601   76140  1958400  25.62
1922-1929       47      0.00846  0.00843  0.50   75839     639   75520  1882260  24.82
1922-1929       48      0.00928  0.00924  0.50   75200     695   74853  1806740  24.03
1922-1929       49      0.01000  0.00995  0.50   74505     742   74134  1731887  23.25
1922-1929       50      0.01062  0.01057  0.50   73763     779   73374  1657753  22.47
1922-1929       51      0.01048  0.01043  0.50   72984     761   72603  1584379  21.71
1922-1929       52      0.01234  0.01227  0.50   72223     886   71780  1511776  20.93
1922-1929       53      0.01306  0.01297  0.50   71337     926   70874  1439996  20.19
1922-1929       54      0.01433  0.01423  0.50   70411    1002   69910  1369122  19.44
1922-1929       55      0.01411  0.01401  0.50   69409     972   68923  1299212  18.72
1922-1929       56      0.01644  0.01631  0.50   68437    1116   67879  1230289  17.98
1922-1929       57      0.01719  0.01704  0.50   67321    1147   66747  1162410  17.27
1922-1929       58      0.01959  0.01940  0.50   66174    1284   65532  1095663  16.56
1922-1929       59      0.02090  0.02068  0.50   64890    1342   64219  1030131  15.88
1922-1929       60      0.02249  0.02224  0.50   63548    1414   62841   965912  15.20
1922-1929       61      0.02266  0.02241  0.50   62134    1392   61438   903072  14.53
1922-1929       62      0.02720  0.02684  0.50   60742    1630   59927   841633  13.86
1922-1929       63      0.02984  0.02940  0.50   59112    1738   58243   781707  13.22
1922-1929       64      0.03278  0.03225  0.50   57374    1850   56449   723464  12.61
1922-1929       65      0.03693  0.03626  0.50   55523    2013   54517   667015  12.01
1922-1929       66      0.03627  0.03563  0.50   53510    1906   52557   612498  11.45
1922-1929       67      0.04035  0.03956  0.50   51604    2041   50583   559942  10.85
1922-1929       68      0.04642  0.04537  0.50   49562    2248   48438   509359  10.28
1922-1929       69      0.05132  0.05004  0.50   47314    2368   46130   460920   9.74
1922-1929       70      0.05550  0.05400  0.50   44946    2427   43733   414790   9.23
1922-1929       71      0.05747  0.05586  0.50   42519    2375   41332   371057   8.73
1922-1929       72      0.06947  0.06714  0.50   40144    2695   38797   329725   8.21
1922-1929       73      0.07639  0.07358  0.50   37449    2756   36071   290929   7.77
1922-1929       74      0.08412  0.08072  0.50   34693    2800   33293   254858   7.35
1922-1929       75      0.09225  0.08818  0.50   31893    2812   30487   221565   6.95
1922-1929       76      0.10040  0.09560  0.50   29080    2780   27690   191078   6.57
1922-1929       77      0.10689  0.10147  0.50   26300    2669   24966   163388   6.21
1922-1929       78      0.11919  0.11248  0.50   23632    2658   22303   138422   5.86
1922-1929       79      0.12629  0.11879  0.50   20973    2491   19728   116119   5.54
1922-1929       80      0.13626  0.12757  0.50   18482    2358   17303    96391   5.22
1922-1929       81      0.14138  0.13205  0.50   16124    2129   15060    79088   4.90
1922-1929       82      0.16424  0.15178  0.50   13995    2124   12933    64028   4.58
1922-1929       83      0.17636  0.16207  0.50   11871    1924   10909    51095   4.30
1922-1929       84      0.19960  0.18149  0.50    9947    1805    9044    40186   4.04
1922-1929       85      0.21012  0.19014  0.50    8142    1548    7368    31142   3.82
1922-1929       86      0.23249  0.20828  0.50    6594    1373    5907    23774   3.61
1922-1929       87      0.24770  0.22040  0.50    5220    1151    4645    17867   3.42
1922-1929       88      0.26399  0.23321  0.50    4070     949    3595    13222   3.25
1922-1929       89      0.28531  0.24969  0.50    3121     779    2731     9627   3.08
1922-1929       90      0.29917  0.26024  0.50    2341     609    2037     6896   2.94
1922-1929       91      0.30140  0.26193  0.50    1732     454    1505     4859   2.81
1922-1929       92      0.33663  0.28814  0.50    1278     368    1094     3353   2.62
1922-1929       93      0.35317  0.30016  0.50     910     273     773     2259   2.48
1922-1929       94      0.37660  0.31692  0.50     637     202     536     1486   2.33
1922-1929       95      0.42030  0.34731  0.50     435     151     360      950   2.18
1922-1929       96      0.44523  0.36416  0.50     284     103     232      590   2.08
1922-1929       97      0.47045  0.38086  0.50     181      69     146      358   1.98
1922-1929       98      0.49582  0.39732  0.50     112      44      90      212   1.89
1922-1929       99      0.52122  0.41347  0.50      67      28      53      122   1.81
1922-1929      100      0.54652  0.42923  0.50      40      17      31       69   1.74
1922-1929      101      0.57159  0.44454  0.50      23      10      18       38   1.67
1922-1929      102      0.59631  0.45935  0.50      13       6      10       20   1.61
1922-1929      103      0.62056  0.47361  0.50       7       3       5       11   1.55
1922-1929      104      0.64424  0.48728  0.50       4       2       3        5   1.50
1922-1929      105      0.66724  0.50032  0.50       2       1       1        3   1.46
1922-1929      106      0.68949  0.51273  0.50       1       0       1        1   1.41
1922-1929      107      0.71090  0.52448  0.50       0       0       0        1   1.38
1922-1929      108      0.73143  0.53556  0.50       0       0       0        0   1.34
1922-1929      109      0.75102  0.54599  0.50       0       0       0        0   1.32
1922-1929      110+     0.76964  1.00000  1.30       0       0       0        0   1.30
1930-1939        0      0.06466  0.06172  0.27  100000    6172   95465  6153342  61.53
1930-1939        1      0.01228  0.01221  0.50   93828    1145   93255  6057876  64.56
1930-1939        2      0.00549  0.00548  0.50   92682     507   92428  5964622  64.36
1930-1939        3      0.00381  0.00380  0.50   92175     351   91999  5872193  63.71
1930-1939        4      0.00318  0.00317  0.50   91824     291   91678  5780194  62.95
1930-1939        5      0.00298  0.00298  0.50   91533     273   91396  5688515  62.15
1930-1939        6      0.00241  0.00241  0.50   91260     220   91150  5597119  61.33
1930-1939        7      0.00195  0.00195  0.50   91040     177   90952  5505969  60.48
1930-1939        8      0.00164  0.00164  0.50   90863     149   90789  5415017  59.60
1930-1939        9      0.00146  0.00146  0.50   90714     132   90648  5324228  58.69
1930-1939       10      0.00133  0.00133  0.50   90582     120   90522  5233580  57.78
1930-1939       11      0.00127  0.00127  0.50   90461     115   90404  5143059  56.85
1930-1939       12      0.00128  0.00128  0.50   90346     116   90289  5052655  55.93
1930-1939       13      0.00138  0.00137  0.50   90231     124   90169  4962366  55.00
1930-1939       14      0.00152  0.00152  0.50   90107     137   90038  4872198  54.07
1930-1939       15      0.00179  0.00179  0.50   89970     161   89889  4782159  53.15
1930-1939       16      0.00202  0.00202  0.50   89809     181   89718  4692270  52.25
1930-1939       17      0.00221  0.00221  0.50   89627     198   89528  4602552  51.35
1930-1939       18      0.00241  0.00241  0.50   89429     216   89322  4513024  50.46
1930-1939       19      0.00263  0.00263  0.50   89214     234   89097  4423702  49.59
1930-1939       20      0.00272  0.00272  0.50   88979     242   88858  4334606  48.71
1930-1939       21      0.00287  0.00287  0.50   88737     255   88610  4245747  47.85
1930-1939       22      0.00291  0.00291  0.50   88483     257   88354  4157137  46.98
1930-1939       23      0.00294  0.00293  0.50   88226     259   88096  4068783  46.12
1930-1939       24      0.00294  0.00294  0.50   87967     258   87838  3980687  45.25
1930-1939       25      0.00291  0.00290  0.50   87708     255   87581  3892850  44.38
1930-1939       26      0.00292  0.00291  0.50   87454     255   87326  3805269  43.51
1930-1939       27      0.00297  0.00297  0.50   87199     259   87070  3717942  42.64
1930-1939       28      0.00300  0.00300  0.50   86940     261   86810  3630873  41.76
1930-1939       29      0.00309  0.00309  0.50   86679     268   86546  3544063  40.89
1930-1939       30      0.00309  0.00308  0.50   86412     266   86279  3457517  40.01
1930-1939       31      0.00308  0.00308  0.50   86145     265   86013  3371239  39.13
1930-1939       32      0.00330  0.00330  0.50   85880     283   85739  3285226  38.25
1930-1939       33      0.00335  0.00335  0.50   85597     287   85454  3199487  37.38
1930-1939       34      0.00351  0.00351  0.50   85311     299   85161  3114033  36.50
1930-1939       35      0.00370  0.00370  0.50   85011     314   84854  3028872  35.63
1930-1939       36      0.00391  0.00390  0.50   84697     330   84532  2944018  34.76
1930-1939       37      0.00403  0.00402  0.50   84367     339   84197  2859486  33.89
1930-1939       38      0.00440  0.00439  0.50   84028     369   83843  2775288  33.03
1930-1939       39      0.00455  0.00454  0.50   83659     380   83468  2691445  32.17
1930-1939       40      0.00481  0.00480  0.50   83278     399   83079  2607977  31.32
1930-1939       41      0.00484  0.00483  0.50   82879     400   82679  2524898  30.46
1930-1939       42      0.00565  0.00564  0.50   82479     465   82246  2442219  29.61
1930-1939       43      0.00563  0.00561  0.50   82014     460   81784  2359973  28.78
1930-1939       44      0.00595  0.00593  0.50   81554     484   81312  2278189  27.93
1930-1939       45      0.00654  0.00652  0.50   81070     529   80806  2196877  27.10
1930-1939       46      0.00699  0.00696  0.50   80541     561   80261  2116072  26.27
1930-1939       47      0.00760  0.00757  0.50   79980     605   79678  2035811  25.45
1930-1939       48      0.00825  0.00821  0.50   79375     652   79049  1956133  24.64
1930-1939       49      0.00907  0.00903  0.50   78723     711   78368  1877084  23.84
1930-1939       50      0.00964  0.00959  0.50   78013     748   77638  1798717  23.06
1930-1939       51      0.00973  0.00968  0.50   77264     748   76890  1721078  22.28
1930-1939       52      0.01147  0.01140  0.50   76516     872   76080  1644188  21.49
1930-1939       53      0.01203  0.01196  0.50   75644     905   75191  1568109  20.73
1930-1939       54      0.01304  0.01296  0.50   74739     968   74255  1492918  19.98
1930-1939       55      0.01315  0.01306  0.50   73770     964   73288  1418663  19.23
1930-1939       56      0.01496  0.01485  0.50   72807    1081   72266  1345375  18.48
1930-1939       57      0.01597  0.01584  0.50   71725    1136   71157  1273109  17.75
1930-1939       58      0.01807  0.01791  0.50   70589    1264   69957  1201951  17.03
1930-1939       59      0.01941  0.01922  0.50   69325    1333   68659  1131994  16.33
1930-1939       60      0.02074  0.02053  0.50   67992    1396   67294  1063336  15.64
1930-1939       61      0.02159  0.02136  0.50   66597    1422   65885   996041  14.96
1930-1939       62      0.02541  0.02509  0.50   65174    1635   64357   930156  14.27
1930-1939       63      0.02789  0.02750  0.50   63539    1748   62665   865799  13.63
1930-1939       64      0.03044  0.02999  0.50   61791    1853   60865   803134  13.00
1930-1939       65      0.03326  0.03272  0.50   59938    1961   58958   742269  12.38
1930-1939       66      0.03419  0.03361  0.50   57977    1949   57003   683312  11.79
1930-1939       67      0.03881  0.03807  0.50   56029    2133   54962   626309  11.18
1930-1939       68      0.04306  0.04216  0.50   53896    2272   52760   571347  10.60
1930-1939       69      0.04769  0.04658  0.50   51624    2405   50421   518587  10.05
1930-1939       70      0.05227  0.05094  0.50   49219    2507   47965   468166   9.51
1930-1939       71      0.05510  0.05362  0.50   46711    2505   45459   420201   9.00
1930-1939       72      0.06490  0.06286  0.50   44207    2779   42817   374742   8.48
1930-1939       73      0.07124  0.06879  0.50   41428    2850   40003   331924   8.01
1930-1939       74      0.07894  0.07595  0.50   38578    2930   37113   291921   7.57
1930-1939       75      0.08569  0.08217  0.50   35648    2929   34184   254808   7.15
1930-1939       76      0.09483  0.09053  0.50   32719    2962   31238   220625   6.74
1930-1939       77      0.10161  0.09670  0.50   29757    2877   28318   189387   6.36
1930-1939       78      0.11427  0.10810  0.50   26879    2906   25427   161068   5.99
1930-1939       79      0.12390  0.11667  0.50   23974    2797   22575   135642   5.66
1930-1939       80      0.13165  0.12352  0.50   21177    2616   19869   113066   5.34
1930-1939       81      0.13772  0.12885  0.50   18561    2392   17365    93198   5.02
1930-1939       82      0.15737  0.14589  0.50   16169    2359   14990    75832   4.69
1930-1939       83      0.17085  0.15741  0.50   13811    2174   12724    60842   4.41
1930-1939       84      0.19219  0.17534  0.50   11637    2040   10616    48119   4.14
1930-1939       85      0.20455  0.18557  0.50    9596    1781    8706    37502   3.91
1930-1939       86      0.22364  0.20115  0.50    7815    1572    7029    28796   3.68
1930-1939       87      0.24060  0.21476  0.50    6243    1341    5573    21767   3.49
1930-1939       88      0.25394  0.22533  0.50    4903    1105    4350    16194   3.30
1930-1939       89      0.27494  0.24171  0.50    3798     918    3339    11844   3.12
1930-1939       90      0.29453  0.25672  0.50    2880     739    2510     8505   2.95
1930-1939       91      0.30437  0.26416  0.50    2141     565    1858     5995   2.80
1930-1939       92      0.33054  0.28366  0.50    1575     447    1352     4137   2.63
1930-1939       93      0.35743  0.30323  0.50    1128     342     957     2785   2.47
1930-1939       94      0.38801  0.32497  0.50     786     255     658     1828   2.33
1930-1939       95      0.41502  0.34370  0.50     531     182     439     1170   2.20
1930-1939       96      0.44025  0.36082  0.50     348     126     285      730   2.10
1930-1939       97      0.46580  0.37781  0.50     223      84     181      445   2.00
1930-1939       98      0.49155  0.39457  0.50     139      55     111      264   1.91
1930-1939       99      0.51735  0.41103  0.50      84      34      67      153   1.82
1930-1939      100      0.54309  0.42711  0.50      49      21      39       86   1.75
1930-1939      101      0.56861  0.44274  0.50      28      13      22       48   1.68
1930-1939      102      0.59379  0.45786  0.50      16       7      12       25   1.62
1930-1939      103      0.61852  0.47242  0.50       9       4       7       13   1.56
1930-1939      104      0.64266  0.48637  0.50       5       2       3        7   1.51
1930-1939      105      0.66612  0.49969  0.50       2       1       2        3   1.46
1930-1939      106      0.68881  0.51236  0.50       1       1       1        2   1.42
1930-1939      107      0.71065  0.52434  0.50       1       0       0        1   1.38
1930-1939      108      0.73158  0.53564  0.50       0       0       0        0   1.34
1930-1939      109      0.75154  0.54627  0.50       0       0       0        0   1.32
1930-1939      110+     0.77050  1.00000  1.30       0       0       0        0   1.30
1940-1949        0      0.04942  0.04757  0.21  100000    4757   96247  6506203  65.06
1940-1949        1      0.00516  0.00515  0.50   95243     491   94998  6409956  67.30
1940-1949        2      0.00279  0.00279  0.50   94752     264   94620  6314958  66.65
1940-1949        3      0.00222  0.00222  0.50   94488     210   94383  6220338  65.83
1940-1949        4      0.00187  0.00187  0.50   94278     176   94190  6125954  64.98
1940-1949        5      0.00173  0.00172  0.50   94103     162   94021  6031764  64.10
1940-1949        6      0.00147  0.00147  0.50   93940     138   93871  5937743  63.21
1940-1949        7      0.00123  0.00122  0.50   93802     115   93745  5843871  62.30
1940-1949        8      0.00107  0.00107  0.50   93687     100   93637  5750127  61.38
1940-1949        9      0.00096  0.00096  0.50   93587      90   93542  5656489  60.44
1940-1949       10      0.00091  0.00091  0.50   93497      85   93455  5562947  59.50
1940-1949       11      0.00088  0.00088  0.50   93412      82   93371  5469493  58.55
1940-1949       12      0.00093  0.00092  0.50   93330      86   93287  5376122  57.60
1940-1949       13      0.00101  0.00101  0.50   93243      94   93196  5282835  56.66
1940-1949       14      0.00119  0.00118  0.50   93149     110   93094  5189639  55.71
1940-1949       15      0.00144  0.00144  0.50   93039     134   92972  5096545  54.78
1940-1949       16      0.00164  0.00164  0.50   92905     153   92829  5003573  53.86
1940-1949       17      0.00188  0.00188  0.50   92753     174   92665  4910744  52.94
1940-1949       18      0.00208  0.00207  0.50   92578     192   92482  4818079  52.04
1940-1949       19      0.00232  0.00232  0.50   92386     214   92279  4725596  51.15
1940-1949       20      0.00249  0.00249  0.50   92172     229   92058  4633317  50.27
1940-1949       21      0.00262  0.00262  0.50   91943     241   91823  4541259  49.39
1940-1949       22      0.00272  0.00272  0.50   91703     249   91578  4449436  48.52
1940-1949       23      0.00275  0.00275  0.50   91453     252   91328  4357858  47.65
1940-1949       24      0.00277  0.00277  0.50   91202     252   91076  4266531  46.78
1940-1949       25      0.00271  0.00271  0.50   90949     246   90826  4175455  45.91
1940-1949       26      0.00264  0.00264  0.50   90703     239   90583  4084629  45.03
1940-1949       27      0.00261  0.00260  0.50   90464     236   90346  3994046  44.15
1940-1949       28      0.00263  0.00263  0.50   90228     237   90110  3903700  43.26
1940-1949       29      0.00264  0.00264  0.50   89991     237   89873  3813590  42.38
1940-1949       30      0.00271  0.00271  0.50   89754     243   89632  3723718  41.49
1940-1949       31      0.00268  0.00268  0.50   89511     240   89391  3634085  40.60
1940-1949       32      0.00278  0.00277  0.50   89271     248   89148  3544694  39.71
1940-1949       33      0.00278  0.00278  0.50   89024     247   88900  3455546  38.82
1940-1949       34      0.00285  0.00285  0.50   88776     253   88650  3366646  37.92
1940-1949       35      0.00298  0.00298  0.50   88523     264   88392  3277996  37.03
1940-1949       36      0.00302  0.00302  0.50   88260     267   88127  3189605  36.14
1940-1949       37      0.00315  0.00314  0.50   87993     277   87855  3101478  35.25
1940-1949       38      0.00337  0.00337  0.50   87717     295   87569  3013623  34.36
1940-1949       39      0.00358  0.00357  0.50   87421     313   87265  2926054  33.47
1940-1949       40      0.00374  0.00373  0.50   87109     325   86946  2838789  32.59
1940-1949       41      0.00389  0.00389  0.50   86784     337   86615  2751843  31.71
1940-1949       42      0.00441  0.00440  0.50   86447     380   86256  2665228  30.83
1940-1949       43      0.00458  0.00457  0.50   86066     393   85870  2578971  29.96
1940-1949       44      0.00489  0.00487  0.50   85673     418   85464  2493102  29.10
1940-1949       45      0.00540  0.00539  0.50   85255     459   85026  2407637  28.24
1940-1949       46      0.00579  0.00577  0.50   84796     489   84552  2322611  27.39
1940-1949       47      0.00636  0.00634  0.50   84307     535   84040  2238060  26.55
1940-1949       48      0.00688  0.00686  0.50   83772     575   83485  2154020  25.71
1940-1949       49      0.00765  0.00762  0.50   83198     634   82881  2070536  24.89
1940-1949       50      0.00816  0.00812  0.50   82564     671   82228  1987655  24.07
1940-1949       51      0.00845  0.00841  0.50   81893     689   81549  1905427  23.27
1940-1949       52      0.00977  0.00972  0.50   81204     789   80810  1823878  22.46
1940-1949       53      0.01048  0.01043  0.50   80415     839   79996  1743068  21.68
1940-1949       54      0.01147  0.01140  0.50   79577     907   79123  1663073  20.90
1940-1949       55      0.01175  0.01169  0.50   78669     919   78210  1583950  20.13
1940-1949       56      0.01334  0.01325  0.50   77750    1030   77235  1505740  19.37
1940-1949       57      0.01443  0.01433  0.50   76720    1099   76170  1428505  18.62
1940-1949       58      0.01613  0.01600  0.50   75620    1210   75015  1352335  17.88
1940-1949       59      0.01776  0.01760  0.50   74410    1310   73755  1277320  17.17
1940-1949       60      0.01885  0.01867  0.50   73100    1365   72418  1203565  16.46
1940-1949       61      0.01961  0.01941  0.50   71735    1393   71039  1131148  15.77
1940-1949       62      0.02275  0.02249  0.50   70342    1582   69551  1060109  15.07
1940-1949       63      0.02509  0.02478  0.50   68760    1704   67908   990557  14.41
1940-1949       64      0.02748  0.02711  0.50   67056    1818   66147   922649  13.76
1940-1949       65      0.02962  0.02919  0.50   65238    1904   64286   856502  13.13
1940-1949       66      0.03077  0.03030  0.50   63334    1919   62374   792216  12.51
1940-1949       67      0.03508  0.03448  0.50   61415    2117   60356   729841  11.88
1940-1949       68      0.03847  0.03774  0.50   59297    2238   58178   669485  11.29
1940-1949       69      0.04267  0.04178  0.50   57059    2384   55868   611307  10.71
1940-1949       70      0.04641  0.04536  0.50   54676    2480   53436   555439  10.16
1940-1949       71      0.04839  0.04725  0.50   52196    2466   50963   502003   9.62
1940-1949       72      0.05720  0.05561  0.50   49729    2765   48347   451041   9.07
1940-1949       73      0.06282  0.06091  0.50   46964    2860   45534   402694   8.57
1940-1949       74      0.06912  0.06681  0.50   44104    2947   42630   357160   8.10
1940-1949       75      0.07536  0.07263  0.50   41157    2989   39663   314530   7.64
1940-1949       76      0.08410  0.08071  0.50   38168    3081   36628   274867   7.20
1940-1949       77      0.08976  0.08590  0.50   35087    3014   33580   238239   6.79
1940-1949       78      0.10103  0.09617  0.50   32073    3084   30531   204659   6.38
1940-1949       79      0.11190  0.10597  0.50   28989    3072   27453   174128   6.01
1940-1949       80      0.11896  0.11229  0.50   25917    2910   24462   146675   5.66
1940-1949       81      0.12588  0.11843  0.50   23007    2725   21644   122213   5.31
1940-1949       82      0.14381  0.13416  0.50   20282    2721   18921   100569   4.96
1940-1949       83      0.15885  0.14716  0.50   17561    2584   16269    81648   4.65
1940-1949       84      0.17620  0.16194  0.50   14977    2425   13764    65379   4.37
1940-1949       85      0.18958  0.17317  0.50   12551    2173   11465    51615   4.11
1940-1949       86      0.20827  0.18862  0.50   10378    1958    9399    40150   3.87
1940-1949       87      0.22485  0.20213  0.50    8420    1702    7569    30751   3.65
1940-1949       88      0.23662  0.21159  0.50    6718    1422    6008    23182   3.45
1940-1949       89      0.26241  0.23198  0.50    5297    1229    4682    17174   3.24
1940-1949       90      0.27996  0.24558  0.50    4068     999    3569    12492   3.07
1940-1949       91      0.29038  0.25356  0.50    3069     778    2680     8923   2.91
1940-1949       92      0.31554  0.27254  0.50    2291     624    1979     6243   2.73
1940-1949       93      0.34112  0.29142  0.50    1667     486    1424     4264   2.56
1940-1949       94      0.36621  0.30954  0.50    1181     366     998     2841   2.41
1940-1949       95      0.40154  0.33440  0.50     815     273     679     1843   2.26
1940-1949       96      0.42748  0.35220  0.50     543     191     447     1164   2.14
1940-1949       97      0.45385  0.36991  0.50     352     130     287      716   2.04
1940-1949       98      0.48050  0.38742  0.50     222      86     179      430   1.94
1940-1949       99      0.50730  0.40466  0.50     136      55     108      251   1.85
1940-1949      100      0.53408  0.42152  0.50      81      34      64      143   1.77
1940-1949      101      0.56071  0.43794  0.50      47      20      36       79   1.70
1940-1949      102      0.58703  0.45383  0.50      26      12      20       43   1.63
1940-1949      103      0.61291  0.46914  0.50      14       7      11       23   1.57
1940-1949      104      0.63819  0.48381  0.50       8       4       6       12   1.51
1940-1949      105      0.66278  0.49781  0.50       4       2       3        6   1.46
1940-1949      106      0.68655  0.51110  0.50       2       1       1        3   1.42
1940-1949      107      0.70941  0.52367  0.50       1       1       1        1   1.38
1940-1949      108      0.73129  0.53549  0.50       0       0       0        1   1.34
1940-1949      109      0.75214  0.54658  0.50       0       0       0        0   1.31
1940-1949      110+     0.77189  1.00000  1.30       0       0       0        0   1.30
1950-1959        0      0.02706  0.02644  0.13  100000    2644   97705  6989323  69.89
1950-1959        1      0.00185  0.00185  0.50   97356     180   97266  6891618  70.79
1950-1959        2      0.00110  0.00110  0.50   97176     107   97122  6794352  69.92
1950-1959        3      0.00084  0.00084  0.50   97069      81   97028  6697230  68.99
1950-1959        4      0.00067  0.00067  0.50   96987      65   96955  6600202  68.05
1950-1959        5      0.00060  0.00060  0.50   96922      58   96893  6503247  67.10
1950-1959        6      0.00052  0.00052  0.50   96864      50   96839  6406354  66.14
1950-1959        7      0.00046  0.00046  0.50   96813      45   96791  6309515  65.17
1950-1959        8      0.00040  0.00040  0.50   96769      39   96749  6212724  64.20
1950-1959        9      0.00036  0.00036  0.50   96730      35   96712  6115975  63.23
1950-1959       10      0.00036  0.00036  0.50   96695      35   96677  6019263  62.25
1950-1959       11      0.00034  0.00034  0.50   96659      33   96643  5922586  61.27
1950-1959       12      0.00039  0.00039  0.50   96626      38   96608  5825943  60.29
1950-1959       13      0.00042  0.00042  0.50   96589      40   96569  5729335  59.32
1950-1959       14      0.00045  0.00045  0.50   96549      43   96527  5632767  58.34
1950-1959       15      0.00052  0.00052  0.50   96505      51   96480  5536240  57.37
1950-1959       16      0.00061  0.00061  0.50   96455      59   96425  5439760  56.40
1950-1959       17      0.00069  0.00069  0.50   96396      66   96363  5343334  55.43
1950-1959       18      0.00076  0.00076  0.50   96330      74   96293  5246972  54.47
1950-1959       19      0.00082  0.00082  0.50   96256      78   96217  5150679  53.51
1950-1959       20      0.00088  0.00088  0.50   96178      84   96135  5054462  52.55
1950-1959       21      0.00094  0.00094  0.50   96093      91   96048  4958326  51.60
1950-1959       22      0.00096  0.00096  0.50   96002      92   95956  4862278  50.65
1950-1959       23      0.00098  0.00098  0.50   95910      94   95863  4766322  49.70
1950-1959       24      0.00099  0.00099  0.50   95817      95   95769  4670459  48.74
1950-1959       25      0.00103  0.00103  0.50   95721      98   95672  4574690  47.79
1950-1959       26      0.00106  0.00106  0.50   95623     101   95572  4479018  46.84
1950-1959       27      0.00107  0.00107  0.50   95522     102   95471  4383445  45.89
1950-1959       28      0.00114  0.00114  0.50   95420     109   95365  4287974  44.94
1950-1959       29      0.00120  0.00119  0.50   95311     114   95254  4192609  43.99
1950-1959       30      0.00125  0.00125  0.50   95197     119   95138  4097355  43.04
1950-1959       31      0.00123  0.00123  0.50   95078     117   95020  4002217  42.09
1950-1959       32      0.00136  0.00135  0.50   94961     129   94897  3907198  41.15
1950-1959       33      0.00139  0.00139  0.50   94832     132   94767  3812301  40.20
1950-1959       34      0.00149  0.00149  0.50   94701     141   94630  3717534  39.26
1950-1959       35      0.00164  0.00164  0.50   94560     155   94483  3622904  38.31
1950-1959       36      0.00170  0.00170  0.50   94405     160   94325  3528421  37.38
1950-1959       37      0.00184  0.00183  0.50   94245     173   94158  3434096  36.44
1950-1959       38      0.00203  0.00202  0.50   94072     190   93977  3339938  35.50
1950-1959       39      0.00220  0.00219  0.50   93881     206   93778  3245961  34.58
1950-1959       40      0.00236  0.00236  0.50   93675     221   93565  3152183  33.65
1950-1959       41      0.00256  0.00256  0.50   93455     239   93335  3058618  32.73
1950-1959       42      0.00293  0.00293  0.50   93216     273   93079  2965283  31.81
1950-1959       43      0.00313  0.00312  0.50   92942     290   92797  2872204  30.90
1950-1959       44      0.00342  0.00341  0.50   92652     316   92494  2779406  30.00
1950-1959       45      0.00382  0.00381  0.50   92336     352   92160  2686912  29.10
1950-1959       46      0.00427  0.00426  0.50   91984     392   91788  2594752  28.21
1950-1959       47      0.00474  0.00473  0.50   91592     433   91376  2502964  27.33
1950-1959       48      0.00531  0.00529  0.50   91159     482   90918  2411588  26.45
1950-1959       49      0.00597  0.00595  0.50   90676     540   90406  2320671  25.59
1950-1959       50      0.00653  0.00651  0.50   90136     587   89843  2230264  24.74
1950-1959       51      0.00701  0.00699  0.50   89550     626   89237  2140421  23.90
1950-1959       52      0.00806  0.00803  0.50   88924     714   88567  2051185  23.07
1950-1959       53      0.00892  0.00888  0.50   88210     783   87819  1962618  22.25
1950-1959       54      0.00982  0.00977  0.50   87427     854   87000  1874799  21.44
1950-1959       55      0.01036  0.01031  0.50   86573     892   86127  1787799  20.65
1950-1959       56      0.01184  0.01177  0.50   85681    1008   85176  1701672  19.86
1950-1959       57      0.01304  0.01296  0.50   84672    1097   84124  1616496  19.09
1950-1959       58      0.01457  0.01446  0.50   83575    1209   82971  1532372  18.34
1950-1959       59      0.01581  0.01568  0.50   82367    1292   81721  1449401  17.60
1950-1959       60      0.01699  0.01685  0.50   81075    1366   80392  1367680  16.87
1950-1959       61      0.01829  0.01812  0.50   79709    1444   78987  1287289  16.15
1950-1959       62      0.02102  0.02080  0.50   78264    1628   77450  1208302  15.44
1950-1959       63      0.02325  0.02298  0.50   76636    1761   75756  1130852  14.76
1950-1959       64      0.02559  0.02527  0.50   74875    1892   73929  1055096  14.09
1950-1959       65      0.02777  0.02739  0.50   72983    1999   71983   981167  13.44
1950-1959       66      0.02921  0.02879  0.50   70984    2043   69962   909184  12.81
1950-1959       67      0.03320  0.03266  0.50   68941    2252   67815   839221  12.17
1950-1959       68      0.03631  0.03566  0.50   66689    2378   65500   771407  11.57
1950-1959       69      0.04038  0.03958  0.50   64311    2545   63038   705907  10.98
1950-1959       70      0.04363  0.04270  0.50   61766    2637   60447   642869  10.41
1950-1959       71      0.04643  0.04538  0.50   59128    2683   57787   582421   9.85
1950-1959       72      0.05401  0.05259  0.50   56445    2968   54961   524635   9.29
1950-1959       73      0.05969  0.05796  0.50   53477    3100   51927   469673   8.78
1950-1959       74      0.06618  0.06406  0.50   50377    3227   48764   417746   8.29
1950-1959       75      0.07190  0.06940  0.50   47150    3272   45514   368983   7.83
1950-1959       76      0.08016  0.07707  0.50   43878    3382   42187   323469   7.37
1950-1959       77      0.08583  0.08230  0.50   40496    3333   38830   281282   6.95
1950-1959       78      0.09680  0.09233  0.50   37163    3431   35448   242452   6.52
1950-1959       79      0.10718  0.10173  0.50   33732    3432   32016   207004   6.14
1950-1959       80      0.11454  0.10834  0.50   30300    3283   28659   174988   5.78
1950-1959       81      0.12262  0.11554  0.50   27018    3122   25457   146329   5.42
1950-1959       82      0.13922  0.13016  0.50   23896    3110   22341   120872   5.06
1950-1959       83      0.15346  0.14252  0.50   20786    2962   19305    98531   4.74
1950-1959       84      0.17112  0.15763  0.50   17823    2809   16419    79227   4.45
1950-1959       85      0.18346  0.16805  0.50   15014    2523   13752    62808   4.18
1950-1959       86      0.20395  0.18508  0.50   12491    2312   11335    49056   3.93
1950-1959       87      0.21829  0.19681  0.50   10179    2003    9177    37721   3.71
1950-1959       88      0.23438  0.20979  0.50    8176    1715    7318    28544   3.49
1950-1959       89      0.25625  0.22714  0.50    6460    1467    5727    21225   3.29
1950-1959       90      0.27334  0.24048  0.50    4993    1201    4393    15499   3.10
1950-1959       91      0.28832  0.25199  0.50    3792     956    3315    11106   2.93
1950-1959       92      0.31573  0.27268  0.50    2837     774    2450     7792   2.75
1950-1959       93      0.33724  0.28858  0.50    2063     595    1765     5342   2.59
1950-1959       94      0.36186  0.30642  0.50    1468     450    1243     3576   2.44
1950-1959       95      0.39488  0.32977  0.50    1018     336     850     2333   2.29
1950-1959       96      0.42064  0.34755  0.50     682     237     564     1483   2.17
1950-1959       97      0.44687  0.36526  0.50     445     163     364      919   2.07
1950-1959       98      0.47342  0.38281  0.50     283     108     228      555   1.97
1950-1959       99      0.50017  0.40011  0.50     174      70     140      327   1.87
1950-1959      100      0.52697  0.41707  0.50     105      44      83      187   1.79
1950-1959      101      0.55367  0.43362  0.50      61      26      48      105   1.72
1950-1959      102      0.58012  0.44969  0.50      35      16      27       57   1.65
1950-1959      103      0.60619  0.46519  0.50      19       9      15       30   1.58
1950-1959      104      0.63173  0.48009  0.50      10       5       8       16   1.53
1950-1959      105      0.65662  0.49433  0.50       5       3       4        8   1.48
1950-1959      106      0.68074  0.50787  0.50       3       1       2        4   1.43
1950-1959      107      0.70399  0.52070  0.50       1       1       1        2   1.39
1950-1959      108      0.72628  0.53280  0.50       1       0       0        1   1.35
1950-1959      109      0.74755  0.54416  0.50       0       0       0        0   1.32
1950-1959      110+     0.76773  1.00000  1.30       0       0       0        0   1.30
1960-1969        0      0.02096  0.02058  0.11  100000    2058   98169  7133603  71.34
1960-1969        1      0.00137  0.00137  0.50   97942     134   97875  7035434  71.83
1960-1969        2      0.00084  0.00084  0.50   97809      82   97768  6937558  70.93
1960-1969        3      0.00063  0.00063  0.50   97727      62   97696  6839790  69.99
1960-1969        4      0.00055  0.00055  0.50   97665      53   97638  6742095  69.03
1960-1969        5      0.00048  0.00048  0.50   97612      47   97588  6644456  68.07
1960-1969        6      0.00041  0.00041  0.50   97565      40   97545  6546868  67.10
1960-1969        7      0.00038  0.00038  0.50   97525      37   97507  6449323  66.13
1960-1969        8      0.00035  0.00035  0.50   97489      34   97471  6351816  65.15
1960-1969        9      0.00033  0.00033  0.50   97454      32   97438  6254344  64.18
1960-1969       10      0.00031  0.00031  0.50   97422      30   97407  6156906  63.20
1960-1969       11      0.00031  0.00031  0.50   97392      30   97377  6059499  62.22
1960-1969       12      0.00033  0.00033  0.50   97362      32   97346  5962122  61.24
1960-1969       13      0.00035  0.00035  0.50   97330      34   97314  5864776  60.26
1960-1969       14      0.00038  0.00038  0.50   97297      37   97278  5767463  59.28
1960-1969       15      0.00043  0.00043  0.50   97260      42   97239  5670184  58.30
1960-1969       16      0.00061  0.00061  0.50   97218      59   97189  5572945  57.32
1960-1969       17      0.00072  0.00072  0.50   97159      70   97124  5475756  56.36
1960-1969       18      0.00077  0.00077  0.50   97089      74   97052  5378632  55.40
1960-1969       19      0.00080  0.00080  0.50   97015      77   96976  5281580  54.44
1960-1969       20      0.00077  0.00076  0.50   96937      74   96900  5184604  53.48
1960-1969       21      0.00076  0.00076  0.50   96863      74   96826  5087704  52.52
1960-1969       22      0.00075  0.00075  0.50   96789      73   96753  4990878  51.56
1960-1969       23      0.00074  0.00074  0.50   96716      72   96681  4894126  50.60
1960-1969       24      0.00074  0.00074  0.50   96645      72   96609  4797445  49.64
1960-1969       25      0.00075  0.00075  0.50   96573      72   96537  4700836  48.68
1960-1969       26      0.00077  0.00077  0.50   96501      75   96463  4604299  47.71
1960-1969       27      0.00077  0.00077  0.50   96426      74   96389  4507836  46.75
1960-1969       28      0.00081  0.00081  0.50   96352      78   96313  4411447  45.78
1960-1969       29      0.00086  0.00086  0.50   96274      83   96232  4315134  44.82
1960-1969       30      0.00091  0.00091  0.50   96191      87   96147  4218902  43.86
1960-1969       31      0.00092  0.00092  0.50   96104      89   96059  4122755  42.90
1960-1969       32      0.00102  0.00101  0.50   96015      97   95966  4026696  41.94
1960-1969       33      0.00107  0.00107  0.50   95917     102   95866  3930730  40.98
1960-1969       34      0.00119  0.00119  0.50   95815     114   95758  3834864  40.02
1960-1969       35      0.00130  0.00130  0.50   95701     125   95638  3739106  39.07
1960-1969       36      0.00141  0.00140  0.50   95576     134   95509  3643467  38.12
1960-1969       37      0.00155  0.00155  0.50   95442     148   95368  3547958  37.17
1960-1969       38      0.00177  0.00177  0.50   95294     169   95210  3452590  36.23
1960-1969       39      0.00193  0.00193  0.50   95125     183   95034  3357381  35.29
1960-1969       40      0.00215  0.00215  0.50   94942     204   94840  3262347  34.36
1960-1969       41      0.00232  0.00232  0.50   94738     220   94628  3167507  33.43
1960-1969       42      0.00269  0.00269  0.50   94518     254   94391  3072878  32.51
1960-1969       43      0.00293  0.00293  0.50   94264     276   94126  2978487  31.60
1960-1969       44      0.00321  0.00320  0.50   93988     301   93838  2884361  30.69
1960-1969       45      0.00358  0.00358  0.50   93687     335   93520  2790523  29.79
1960-1969       46      0.00397  0.00396  0.50   93352     370   93167  2697003  28.89
1960-1969       47      0.00446  0.00445  0.50   92982     414   92775  2603836  28.00
1960-1969       48      0.00485  0.00483  0.50   92568     447   92344  2511061  27.13
1960-1969       49      0.00547  0.00545  0.50   92121     502   91870  2418716  26.26
1960-1969       50      0.00597  0.00596  0.50   91619     546   91346  2326847  25.40
1960-1969       51      0.00647  0.00645  0.50   91073     587   90779  2235501  24.55
1960-1969       52      0.00739  0.00736  0.50   90486     666   90153  2144722  23.70
1960-1969       53      0.00815  0.00811  0.50   89820     729   89455  2054569  22.87
1960-1969       54      0.00903  0.00899  0.50   89091     801   88691  1965113  22.06
1960-1969       55      0.00971  0.00966  0.50   88290     853   87864  1876423  21.25
1960-1969       56      0.01100  0.01094  0.50   87437     957   86959  1788559  20.46
1960-1969       57      0.01210  0.01203  0.50   86480    1040   85960  1701601  19.68
1960-1969       58      0.01358  0.01349  0.50   85440    1153   84864  1615640  18.91
1960-1969       59      0.01498  0.01487  0.50   84287    1253   83661  1530777  18.16
1960-1969       60      0.01643  0.01629  0.50   83034    1353   82357  1447116  17.43
1960-1969       61      0.01773  0.01758  0.50   81681    1436   80963  1364759  16.71
1960-1969       62      0.02022  0.02002  0.50   80245    1607   79442  1283796  16.00
1960-1969       63      0.02220  0.02195  0.50   78638    1726   77775  1204354  15.32
1960-1969       64      0.02448  0.02418  0.50   76912    1860   75982  1126579  14.65
1960-1969       65      0.02646  0.02611  0.50   75052    1960   74072  1050597  14.00
1960-1969       66      0.02822  0.02783  0.50   73093    2034   72075   976525  13.36
1960-1969       67      0.03199  0.03149  0.50   71058    2238   69939   904449  12.73
1960-1969       68      0.03476  0.03416  0.50   68821    2351   67645   834510  12.13
1960-1969       69      0.03799  0.03728  0.50   66469    2478   65231   766865  11.54
1960-1969       70      0.04127  0.04043  0.50   63992    2587   62698   701634  10.96
1960-1969       71      0.04411  0.04316  0.50   61404    2650   60079   638936  10.41
1960-1969       72      0.05040  0.04916  0.50   58754    2888   57310   578857   9.85
1960-1969       73      0.05518  0.05370  0.50   55866    3000   54366   521547   9.34
1960-1969       74      0.06095  0.05915  0.50   52866    3127   51302   467181   8.84
1960-1969       75      0.06593  0.06382  0.50   49739    3174   48152   415879   8.36
1960-1969       76      0.07298  0.07041  0.50   46564    3279   44925   367728   7.90
1960-1969       77      0.07777  0.07486  0.50   43286    3240   41666   322803   7.46
1960-1969       78      0.08664  0.08304  0.50   40045    3325   38383   281137   7.02
1960-1969       79      0.09463  0.09035  0.50   36720    3318   35061   242754   6.61
1960-1969       80      0.10325  0.09818  0.50   33402    3279   31763   207693   6.22
1960-1969       81      0.11087  0.10505  0.50   30123    3164   28541   175931   5.84
1960-1969       82      0.12541  0.11801  0.50   26958    3181   25368   147390   5.47
1960-1969       83      0.13738  0.12855  0.50   23777    3057   22249   122022   5.13
1960-1969       84      0.15290  0.14204  0.50   20720    2943   19249    99774   4.82
1960-1969       85      0.16428  0.15181  0.50   17777    2699   16428    80525   4.53
1960-1969       86      0.18251  0.16725  0.50   15079    2522   13818    64097   4.25
1960-1969       87      0.19743  0.17969  0.50   12557    2256   11428    50279   4.00
1960-1969       88      0.21082  0.19071  0.50   10300    1964    9318    38851   3.77
1960-1969       89      0.23074  0.20688  0.50    8336    1724    7474    29533   3.54
1960-1969       90      0.24796  0.22061  0.50    6611    1459    5882    22059   3.34
1960-1969       91      0.26222  0.23183  0.50    5153    1195    4556    16177   3.14
1960-1969       92      0.29185  0.25469  0.50    3958    1008    3454    11621   2.94
1960-1969       93      0.31357  0.27107  0.50    2950     800    2550     8167   2.77
1960-1969       94      0.33535  0.28719  0.50    2150     618    1842     5617   2.61
1960-1969       95      0.36199  0.30651  0.50    1533     470    1298     3775   2.46
1960-1969       96      0.38697  0.32423  0.50    1063     345     891     2477   2.33
1960-1969       97      0.41261  0.34205  0.50     718     246     596     1586   2.21
1960-1969       98      0.43880  0.35985  0.50     473     170     388      991   2.10
1960-1969       99      0.46539  0.37754  0.50     303     114     245      603   1.99
1960-1969      100      0.49224  0.39502  0.50     188      74     151      358   1.90
1960-1969      101      0.51921  0.41220  0.50     114      47      90      207   1.81
1960-1969      102      0.54614  0.42899  0.50      67      29      53      116   1.74
1960-1969      103      0.57286  0.44531  0.50      38      17      30       64   1.66
1960-1969      104      0.59924  0.46109  0.50      21      10      16       34   1.60
1960-1969      105      0.62511  0.47625  0.50      11       5       9       18   1.54
1960-1969      106      0.65035  0.49077  0.50       6       3       5        9   1.49
1960-1969      107      0.67483  0.50458  0.50       3       2       2        4   1.44
1960-1969      108      0.69845  0.51766  0.50       2       1       1        2   1.40
1960-1969      109      0.72110  0.53001  0.50       1       0       1        1   1.37
1960-1969      110+     0.74272  1.00000  1.35       0       0       0        0   1.35
1970-1979        0      0.01613  0.01591  0.12  100000    1591   98594  7250991  72.51
1970-1979        1      0.00105  0.00105  0.50   98409     103   98358  7152397  72.68
1970-1979        2      0.00065  0.00065  0.50   98307      63   98275  7054039  71.76
1970-1979        3      0.00053  0.00053  0.50   98243      52   98217  6955764  70.80
1970-1979        4      0.00042  0.00042  0.50   98191      42   98171  6857547  69.84
1970-1979        5      0.00038  0.00038  0.50   98150      37   98131  6759376  68.87
1970-1979        6      0.00035  0.00035  0.50   98112      34   98096  6661245  67.89
1970-1979        7      0.00031  0.00031  0.50   98079      30   98064  6563149  66.92
1970-1979        8      0.00028  0.00028  0.50   98048      27   98035  6465086  65.94
1970-1979        9      0.00027  0.00027  0.50   98021      26   98008  6367051  64.96
1970-1979       10      0.00026  0.00026  0.50   97995      26   97982  6269044  63.97
1970-1979       11      0.00026  0.00026  0.50   97969      25   97956  6171062  62.99
1970-1979       12      0.00026  0.00026  0.50   97944      25   97931  6073105  62.01
1970-1979       13      0.00028  0.00028  0.50   97919      27   97905  5975174  61.02
1970-1979       14      0.00032  0.00032  0.50   97891      31   97876  5877269  60.04
1970-1979       15      0.00037  0.00037  0.50   97860      36   97842  5779393  59.06
1970-1979       16      0.00053  0.00053  0.50   97824      51   97798  5681551  58.08
1970-1979       17      0.00074  0.00074  0.50   97772      72   97736  5583753  57.11
1970-1979       18      0.00078  0.00078  0.50   97700      77   97662  5486017  56.15
1970-1979       19      0.00078  0.00078  0.50   97623      76   97585  5388356  55.20
1970-1979       20      0.00077  0.00077  0.50   97547      75   97510  5290770  54.24
1970-1979       21      0.00074  0.00074  0.50   97472      72   97436  5193260  53.28
1970-1979       22      0.00072  0.00072  0.50   97400      70   97365  5095824  52.32
1970-1979       23      0.00069  0.00069  0.50   97330      67   97297  4998459  51.36
1970-1979       24      0.00067  0.00067  0.50   97263      65   97231  4901162  50.39
1970-1979       25      0.00067  0.00067  0.50   97198      66   97165  4803931  49.42
1970-1979       26      0.00070  0.00070  0.50   97133      68   97099  4706766  48.46
1970-1979       27      0.00070  0.00070  0.50   97065      68   97031  4609667  47.49
1970-1979       28      0.00070  0.00070  0.50   96997      68   96963  4512636  46.52
1970-1979       29      0.00075  0.00075  0.50   96929      72   96892  4415674  45.56
1970-1979       30      0.00078  0.00078  0.50   96856      76   96818  4318781  44.59
1970-1979       31      0.00080  0.00080  0.50   96780      77   96742  4221963  43.62
1970-1979       32      0.00089  0.00089  0.50   96703      86   96660  4125221  42.66
1970-1979       33      0.00094  0.00094  0.50   96617      91   96572  4028561  41.70
1970-1979       34      0.00103  0.00103  0.50   96526      99   96477  3931989  40.73
1970-1979       35      0.00113  0.00113  0.50   96427     109   96373  3835512  39.78
1970-1979       36      0.00124  0.00124  0.50   96319     120   96259  3739140  38.82
1970-1979       37      0.00138  0.00138  0.50   96199     132   96133  3642881  37.87
1970-1979       38      0.00148  0.00148  0.50   96067     142   95995  3546748  36.92
1970-1979       39      0.00167  0.00167  0.50   95924     160   95844  3450753  35.97
1970-1979       40      0.00187  0.00187  0.50   95764     179   95675  3354908  35.03
1970-1979       41      0.00209  0.00209  0.50   95585     199   95485  3259234  34.10
1970-1979       42      0.00240  0.00240  0.50   95386     229   95271  3163748  33.17
1970-1979       43      0.00267  0.00266  0.50   95157     253   95030  3068477  32.25
1970-1979       44      0.00300  0.00300  0.50   94904     284   94761  2973447  31.33
1970-1979       45      0.00339  0.00338  0.50   94619     320   94459  2878685  30.42
1970-1979       46      0.00378  0.00377  0.50   94299     355   94121  2784226  29.53
1970-1979       47      0.00427  0.00426  0.50   93944     401   93743  2690105  28.64
1970-1979       48      0.00472  0.00471  0.50   93543     441   93323  2596361  27.76
1970-1979       49      0.00535  0.00533  0.50   93103     497   92854  2503038  26.88
1970-1979       50      0.00597  0.00596  0.50   92606     552   92330  2410184  26.03
1970-1979       51      0.00649  0.00647  0.50   92054     595   91757  2317854  25.18
1970-1979       52      0.00722  0.00719  0.50   91459     658   91130  2226097  24.34
1970-1979       53      0.00793  0.00790  0.50   90801     718   90443  2134967  23.51
1970-1979       54      0.00871  0.00867  0.50   90084     781   89693  2044524  22.70
1970-1979       55      0.00955  0.00950  0.50   89302     848   88878  1954831  21.89
1970-1979       56      0.01039  0.01034  0.50   88454     914   87997  1865953  21.10
1970-1979       57      0.01153  0.01147  0.50   87540    1004   87038  1777956  20.31
1970-1979       58      0.01269  0.01261  0.50   86536    1091   85990  1690919  19.54
1970-1979       59      0.01389  0.01379  0.50   85445    1179   84855  1604928  18.78
1970-1979       60      0.01520  0.01508  0.50   84266    1271   83630  1520073  18.04
1970-1979       61      0.01673  0.01659  0.50   82995    1377   82306  1436443  17.31
1970-1979       62      0.01846  0.01829  0.50   81618    1493   80871  1354137  16.59
1970-1979       63      0.02014  0.01994  0.50   80125    1597   79326  1273265  15.89
1970-1979       64      0.02236  0.02212  0.50   78527    1737   77659  1193939  15.20
1970-1979       65      0.02448  0.02418  0.50   76791    1857   75862  1116281  14.54
1970-1979       66      0.02666  0.02631  0.50   74934    1971   73948  1040418  13.88
1970-1979       67      0.02950  0.02907  0.50   72962    2121   71902   966470  13.25
1970-1979       68      0.03220  0.03169  0.50   70841    2245   69719   894569  12.63
1970-1979       69      0.03556  0.03494  0.50   68596    2397   67398   824850  12.02
1970-1979       70      0.03894  0.03820  0.50   66199    2529   64935   757452  11.44
1970-1979       71      0.04215  0.04128  0.50   63671    2629   62356   692517  10.88
1970-1979       72      0.04674  0.04568  0.50   61042    2788   59648   630160  10.32
1970-1979       73      0.05134  0.05005  0.50   58254    2916   56796   570512   9.79
1970-1979       74      0.05629  0.05475  0.50   55338    3030   53823   513716   9.28
1970-1979       75      0.06118  0.05936  0.50   52308    3105   50756   459893   8.79
1970-1979       76      0.06720  0.06502  0.50   49203    3199   47603   409138   8.32
1970-1979       77      0.07281  0.07025  0.50   46004    3232   44388   361534   7.86
1970-1979       78      0.07939  0.07636  0.50   42772    3266   41139   317146   7.41
1970-1979       79      0.08740  0.08374  0.50   39506    3308   37852   276007   6.99
1970-1979       80      0.09548  0.09113  0.50   36198    3299   34549   238155   6.58
1970-1979       81      0.10323  0.09816  0.50   32899    3229   31284   203606   6.19
1970-1979       82      0.11482  0.10858  0.50   29670    3222   28059   172322   5.81
1970-1979       83      0.12591  0.11846  0.50   26448    3133   24882   144263   5.45
1970-1979       84      0.13885  0.12983  0.50   23315    3027   21802   119381   5.12
1970-1979       85      0.15129  0.14065  0.50   20288    2854   18861    97580   4.81
1970-1979       86      0.16641  0.15363  0.50   17435    2678   16095    78718   4.52
1970-1979       87      0.17865  0.16400  0.50   14756    2420   13546    62623   4.24
1970-1979       88      0.19455  0.17730  0.50   12336    2187   11243    49076   3.98
1970-1979       89      0.21244  0.19204  0.50   10149    1949    9174    37834   3.73
1970-1979       90      0.23232  0.20815  0.50    8200    1707    7347    28659   3.50
1970-1979       91      0.24873  0.22122  0.50    6493    1436    5775    21313   3.28
1970-1979       92      0.27397  0.24097  0.50    5057    1219    4448    15538   3.07
1970-1979       93      0.29750  0.25898  0.50    3838     994    3341    11090   2.89
1970-1979       94      0.31966  0.27561  0.50    2844     784    2452     7749   2.72
1970-1979       95      0.34238  0.29233  0.50    2060     602    1759     5297   2.57
1970-1979       96      0.36743  0.31041  0.50    1458     453    1232     3538   2.43
1970-1979       97      0.39331  0.32868  0.50    1005     330     840     2306   2.29
1970-1979       98      0.41989  0.34703  0.50     675     234     558     1466   2.17
1970-1979       99      0.44702  0.36536  0.50     441     161     360      908   2.06
1970-1979      100      0.47454  0.38354  0.50     280     107     226      548   1.96
1970-1979      101      0.50230  0.40147  0.50     172      69     138      321   1.86
1970-1979      102      0.53012  0.41904  0.50     103      43      82      184   1.78
1970-1979      103      0.55781  0.43616  0.50      60      26      47      102   1.70
1970-1979      104      0.58522  0.45274  0.50      34      15      26       55   1.63
1970-1979      105      0.61217  0.46871  0.50      19       9      14       29   1.57
1970-1979      106      0.63850  0.48399  0.50      10       5       7       15   1.51
1970-1979      107      0.66408  0.49854  0.50       5       3       4        7   1.46
1970-1979      108      0.68877  0.51233  0.50       3       1       2        4   1.42
1970-1979      109      0.71247  0.52533  0.50       1       1       1        2   1.38
1970-1979      110+     0.73509  1.00000  1.36       1       1       1        1   1.36
1980-1989        0      0.01005  0.00997  0.13  100000     997   99132  7456012  74.56
1980-1989        1      0.00073  0.00073  0.50   99003      72   98968  7356880  74.31
1980-1989        2      0.00044  0.00044  0.50   98932      44   98910  7257913  73.36
1980-1989        3      0.00034  0.00034  0.50   98888      33   98871  7159003  72.40
1980-1989        4      0.00028  0.00028  0.50   98855      27   98841  7060132  71.42
1980-1989        5      0.00024  0.00024  0.50   98827      24   98815  6961291  70.44
1980-1989        6      0.00022  0.00022  0.50   98803      22   98792  6862476  69.46
1980-1989        7      0.00021  0.00021  0.50   98781      21   98771  6763683  68.47
1980-1989        8      0.00020  0.00020  0.50   98760      20   98750  6664913  67.49
1980-1989        9      0.00019  0.00019  0.50   98740      19   98731  6566162  66.50
1980-1989       10      0.00019  0.00019  0.50   98722      19   98712  6467431  65.51
1980-1989       11      0.00021  0.00021  0.50   98703      20   98692  6368719  64.52
1980-1989       12      0.00021  0.00021  0.50   98682      21   98672  6270027  63.54
1980-1989       13      0.00024  0.00024  0.50   98661      24   98649  6171355  62.55
1980-1989       14      0.00028  0.00028  0.50   98638      27   98624  6072706  61.57
1980-1989       15      0.00033  0.00033  0.50   98610      33   98594  5974082  60.58
1980-1989       16      0.00041  0.00041  0.50   98578      41   98557  5875488  59.60
1980-1989       17      0.00061  0.00061  0.50   98537      60   98507  5776930  58.63
1980-1989       18      0.00066  0.00066  0.50   98477      65   98444  5678423  57.66
1980-1989       19      0.00065  0.00065  0.50   98411      64   98380  5579979  56.70
1980-1989       20      0.00066  0.00066  0.50   98348      65   98315  5481600  55.74
1980-1989       21      0.00061  0.00061  0.50   98283      60   98253  5383284  54.77
1980-1989       22      0.00061  0.00061  0.50   98223      60   98193  5285031  53.81
1980-1989       23      0.00059  0.00059  0.50   98163      58   98134  5186838  52.84
1980-1989       24      0.00058  0.00058  0.50   98105      57   98077  5088704  51.87
1980-1989       25      0.00059  0.00059  0.50   98048      58   98019  4990627  50.90
1980-1989       26      0.00061  0.00061  0.50   97990      60   97960  4892608  49.93
1980-1989       27      0.00062  0.00062  0.50   97930      61   97899  4794648  48.96
1980-1989       28      0.00065  0.00065  0.50   97869      64   97837  4696749  47.99
1980-1989       29      0.00066  0.00066  0.50   97805      65   97772  4598912  47.02
1980-1989       30      0.00070  0.00070  0.50   97740      69   97706  4501140  46.05
1980-1989       31      0.00074  0.00074  0.50   97671      72   97635  4403434  45.08
1980-1989       32      0.00079  0.00079  0.50   97599      77   97561  4305799  44.12
1980-1989       33      0.00084  0.00084  0.50   97522      82   97481  4208238  43.15
1980-1989       34      0.00089  0.00089  0.50   97440      87   97396  4110757  42.19
1980-1989       35      0.00097  0.00097  0.50   97353      95   97306  4013361  41.22
1980-1989       36      0.00103  0.00103  0.50   97258     100   97208  3916055  40.26
1980-1989       37      0.00113  0.00113  0.50   97158     110   97103  3818847  39.31
1980-1989       38      0.00122  0.00122  0.50   97048     119   96989  3721744  38.35
1980-1989       39      0.00135  0.00135  0.50   96929     131   96864  3624755  37.40
1980-1989       40      0.00153  0.00153  0.50   96799     148   96725  3527891  36.45
1980-1989       41      0.00168  0.00168  0.50   96651     162   96570  3431166  35.50
1980-1989       42      0.00185  0.00185  0.50   96489     178   96399  3334597  34.56
1980-1989       43      0.00209  0.00209  0.50   96310     201   96210  3238197  33.62
1980-1989       44      0.00236  0.00235  0.50   96109     226   95996  3141987  32.69
1980-1989       45      0.00268  0.00268  0.50   95883     257   95754  3045991  31.77
1980-1989       46      0.00296  0.00296  0.50   95626     283   95485  2950237  30.85
1980-1989       47      0.00331  0.00331  0.50   95343     315   95185  2854752  29.94
1980-1989       48      0.00368  0.00368  0.50   95028     349   94853  2759567  29.04
1980-1989       49      0.00416  0.00415  0.50   94678     393   94482  2664714  28.14
1980-1989       50      0.00464  0.00463  0.50   94285     437   94067  2570232  27.26
1980-1989       51      0.00510  0.00508  0.50   93848     477   93610  2476166  26.38
1980-1989       52      0.00572  0.00571  0.50   93371     533   93105  2382556  25.52
1980-1989       53      0.00648  0.00646  0.50   92838     600   92538  2289451  24.66
1980-1989       54      0.00724  0.00722  0.50   92238     666   91905  2196913  23.82
1980-1989       55      0.00805  0.00801  0.50   91572     734   91205  2105008  22.99
1980-1989       56      0.00901  0.00897  0.50   90838     814   90431  2013803  22.17
1980-1989       57      0.00999  0.00994  0.50   90024     895   89577  1923371  21.37
1980-1989       58      0.01108  0.01102  0.50   89129     982   88638  1833795  20.57
1980-1989       59      0.01235  0.01228  0.50   88147    1082   87606  1745157  19.80
1980-1989       60      0.01380  0.01371  0.50   87065    1193   86468  1657551  19.04
1980-1989       61      0.01498  0.01486  0.50   85871    1276   85233  1571083  18.30
1980-1989       62      0.01647  0.01633  0.50   84595    1382   83904  1485849  17.56
1980-1989       63      0.01805  0.01788  0.50   83213    1488   82469  1401945  16.85
1980-1989       64      0.01982  0.01962  0.50   81725    1604   80923  1319476  16.15
1980-1989       65      0.02169  0.02146  0.50   80121    1720   79262  1238553  15.46
1980-1989       66      0.02359  0.02331  0.50   78402    1828   77488  1159291  14.79
1980-1989       67      0.02595  0.02562  0.50   76574    1962   75593  1081803  14.13
1980-1989       68      0.02826  0.02787  0.50   74612    2079   73573  1006210  13.49
1980-1989       69      0.03103  0.03056  0.50   72533    2216   71425   932637  12.86
1980-1989       70      0.03399  0.03342  0.50   70317    2350   69142   861212  12.25
1980-1989       71      0.03709  0.03642  0.50   67967    2475   66729   792070  11.65
1980-1989       72      0.04123  0.04040  0.50   65492    2646   64169   725341  11.08
1980-1989       73      0.04495  0.04397  0.50   62846    2763   61464   661172  10.52
1980-1989       74      0.04933  0.04814  0.50   60083    2892   58637   599708   9.98
1980-1989       75      0.05389  0.05248  0.50   57190    3001   55690   541071   9.46
1980-1989       76      0.05896  0.05727  0.50   54189    3104   52637   485382   8.96
1980-1989       77      0.06420  0.06220  0.50   51085    3178   49497   432744   8.47
1980-1989       78      0.07011  0.06774  0.50   47908    3245   46285   383248   8.00
1980-1989       79      0.07704  0.07418  0.50   44663    3313   43006   336962   7.54
1980-1989       80      0.08537  0.08187  0.50   41349    3385   39657   293956   7.11
1980-1989       81      0.09269  0.08859  0.50   37964    3363   36282   254300   6.70
1980-1989       82      0.10193  0.09699  0.50   34601    3356   32923   218017   6.30
1980-1989       83      0.11172  0.10581  0.50   31245    3306   29592   185094   5.92
1980-1989       84      0.12209  0.11506  0.50   27939    3215   26331   155502   5.57
1980-1989       85      0.13357  0.12521  0.50   24724    3096   23176   129171   5.22
1980-1989       86      0.14721  0.13712  0.50   21628    2966   20146   105995   4.90
1980-1989       87      0.15954  0.14775  0.50   18663    2757   17284    85849   4.60
1980-1989       88      0.17347  0.15962  0.50   15905    2539   14636    68565   4.31
1980-1989       89      0.19090  0.17426  0.50   13366    2329   12202    53929   4.03
1980-1989       90      0.20843  0.18876  0.50   11037    2083    9995    41727   3.78
1980-1989       91      0.22537  0.20255  0.50    8954    1814    8047    31732   3.54
1980-1989       92      0.24809  0.22071  0.50    7140    1576    6352    23685   3.32
1980-1989       93      0.26961  0.23758  0.50    5564    1322    4903    17333   3.12
1980-1989       94      0.29180  0.25464  0.50    4242    1080    3702    12430   2.93
1980-1989       95      0.31258  0.27033  0.50    3162     855    2735     8727   2.76
1980-1989       96      0.33705  0.28844  0.50    2307     665    1974     5993   2.60
1980-1989       97      0.36254  0.30690  0.50    1642     504    1390     4018   2.45
1980-1989       98      0.38892  0.32561  0.50    1138     370     953     2629   2.31
1980-1989       99      0.41608  0.34442  0.50     767     264     635     1676   2.18
1980-1989      100      0.44384  0.36323  0.50     503     183     412     1041   2.07
1980-1989      101      0.47205  0.38191  0.50     320     122     259      629   1.96
1980-1989      102      0.50051  0.40033  0.50     198      79     158      370   1.87
1980-1989      103      0.52904  0.41837  0.50     119      50      94      211   1.78
1980-1989      104      0.55744  0.43593  0.50      69      30      54      118   1.70
1980-1989      105      0.58552  0.45292  0.50      39      18      30       64   1.63
1980-1989      106      0.61311  0.46926  0.50      21      10      16       33   1.57
1980-1989      107      0.64003  0.48487  0.50      11       5       9       17   1.51
1980-1989      108      0.66614  0.49970  0.50       6       3       4        9   1.46
1980-1989      109      0.69129  0.51373  0.50       3       1       2        4   1.42
1980-1989      110+     0.71539  1.00000  1.40       1       1       2        2   1.40
1990-1999        0      0.00645  0.00641  0.14  100000     641   99446  7660274  76.60
1990-1999        1      0.00051  0.00051  0.50   99359      51   99334  7560828  76.10
1990-1999        2      0.00031  0.00031  0.50   99308      31   99293  7461495  75.13
1990-1999        3      0.00023  0.00023  0.50   99277      23   99266  7362202  74.16
1990-1999        4      0.00018  0.00018  0.50   99254      18   99246  7262936  73.17
1990-1999        5      0.00016  0.00016  0.50   99237      16   99229  7163691  72.19
1990-1999        6      0.00015  0.00015  0.50   99221      15   99213  7064462  71.20
1990-1999        7      0.00014  0.00014  0.50   99206      13   99199  6965249  70.21
1990-1999        8      0.00013  0.00013  0.50   99192      13   99186  6866050  69.22
1990-1999        9      0.00014  0.00014  0.50   99179      14   99172  6766864  68.23
1990-1999       10      0.00014  0.00014  0.50   99165      14   99158  6667692  67.24
1990-1999       11      0.00015  0.00015  0.50   99151      14   99144  6568534  66.25
1990-1999       12      0.00016  0.00016  0.50   99137      16   99129  6469390  65.26
1990-1999       13      0.00018  0.00018  0.50   99121      18   99112  6370261  64.27
1990-1999       14      0.00023  0.00023  0.50   99103      22   99091  6271149  63.28
1990-1999       15      0.00028  0.00028  0.50   99080      27   99067  6172058  62.29
1990-1999       16      0.00036  0.00036  0.50   99053      36   99035  6072991  61.31
1990-1999       17      0.00049  0.00049  0.50   99017      49   98993  5973956  60.33
1990-1999       18      0.00058  0.00058  0.50   98968      57   98940  5874964  59.36
1990-1999       19      0.00059  0.00059  0.50   98911      59   98882  5776024  58.40
1990-1999       20      0.00060  0.00060  0.50   98852      59   98823  5677142  57.43
1990-1999       21      0.00063  0.00063  0.50   98793      62   98762  5578319  56.46
1990-1999       22      0.00062  0.00062  0.50   98731      61   98701  5479557  55.50
1990-1999       23      0.00061  0.00061  0.50   98671      60   98640  5380856  54.53
1990-1999       24      0.00062  0.00062  0.50   98610      62   98579  5282215  53.57
1990-1999       25      0.00062  0.00062  0.50   98549      61   98518  5183636  52.60
1990-1999       26      0.00064  0.00064  0.50   98487      63   98456  5085118  51.63
1990-1999       27      0.00066  0.00066  0.50   98424      65   98391  4986662  50.67
1990-1999       28      0.00068  0.00067  0.50   98359      66   98325  4888271  49.70
1990-1999       29      0.00070  0.00070  0.50   98292      69   98258  4789946  48.73
1990-1999       30      0.00072  0.00072  0.50   98224      71   98188  4691688  47.77
1990-1999       31      0.00077  0.00077  0.50   98153      75   98115  4593499  46.80
1990-1999       32      0.00080  0.00080  0.50   98077      79   98038  4495384  45.84
1990-1999       33      0.00085  0.00085  0.50   97998      83   97957  4397347  44.87
1990-1999       34      0.00088  0.00087  0.50   97915      86   97873  4299390  43.91
1990-1999       35      0.00095  0.00095  0.50   97830      93   97784  4201517  42.95
1990-1999       36      0.00101  0.00101  0.50   97737      99   97688  4103734  41.99
1990-1999       37      0.00109  0.00109  0.50   97638     106   97585  4006046  41.03
1990-1999       38      0.00118  0.00118  0.50   97532     115   97475  3908461  40.07
1990-1999       39      0.00130  0.00130  0.50   97417     127   97354  3810986  39.12
1990-1999       40      0.00140  0.00140  0.50   97290     136   97222  3713632  38.17
1990-1999       41      0.00156  0.00155  0.50   97154     151   97079  3616410  37.22
1990-1999       42      0.00169  0.00168  0.50   97003     163   96922  3519331  36.28
1990-1999       43      0.00185  0.00185  0.50   96840     179   96751  3422409  35.34
1990-1999       44      0.00201  0.00200  0.50   96661     194   96564  3325659  34.41
1990-1999       45      0.00223  0.00223  0.50   96467     215   96360  3229094  33.47
1990-1999       46      0.00244  0.00244  0.50   96252     235   96135  3132734  32.55
1990-1999       47      0.00269  0.00268  0.50   96018     258   95889  3036599  31.63
1990-1999       48      0.00293  0.00292  0.50   95760     280   95620  2940710  30.71
1990-1999       49      0.00324  0.00324  0.50   95480     309   95326  2845090  29.80
1990-1999       50      0.00365  0.00364  0.50   95171     347   94998  2749764  28.89
1990-1999       51      0.00404  0.00403  0.50   94824     382   94633  2654766  28.00
1990-1999       52      0.00449  0.00448  0.50   94442     423   94231  2560133  27.11
1990-1999       53      0.00499  0.00497  0.50   94019     468   93785  2465903  26.23
1990-1999       54      0.00549  0.00547  0.50   93551     512   93295  2372118  25.36
1990-1999       55      0.00612  0.00610  0.50   93039     567   92756  2278822  24.49
1990-1999       56      0.00672  0.00670  0.50   92472     619   92162  2186067  23.64
1990-1999       57      0.00762  0.00759  0.50   91852     698   91504  2093905  22.80
1990-1999       58      0.00834  0.00830  0.50   91155     757   90777  2002401  21.97
1990-1999       59      0.00928  0.00924  0.50   90398     835   89981  1911625  21.15
1990-1999       60      0.01040  0.01035  0.50   89563     927   89099  1821644  20.34
1990-1999       61      0.01157  0.01150  0.50   88636    1020   88126  1732545  19.55
1990-1999       62      0.01280  0.01272  0.50   87616    1115   87059  1644418  18.77
1990-1999       63      0.01423  0.01413  0.50   86502    1222   85891  1557359  18.00
1990-1999       64      0.01595  0.01582  0.50   85280    1349   84605  1471469  17.25
1990-1999       65      0.01783  0.01768  0.50   83930    1484   83189  1386864  16.52
1990-1999       66      0.01956  0.01937  0.50   82447    1597   81648  1303675  15.81
1990-1999       67      0.02182  0.02158  0.50   80850    1745   79977  1222027  15.11
1990-1999       68      0.02390  0.02362  0.50   79105    1868   78171  1142050  14.44
1990-1999       69      0.02641  0.02607  0.50   77236    2014   76230  1063880  13.77
1990-1999       70      0.02940  0.02898  0.50   75223    2180   74133   987650  13.13
1990-1999       71      0.03204  0.03153  0.50   73043    2303   71892   913517  12.51
1990-1999       72      0.03516  0.03456  0.50   70740    2445   69518   841625  11.90
1990-1999       73      0.03866  0.03793  0.50   68295    2591   67000   772108  11.31
1990-1999       74      0.04222  0.04135  0.50   65705    2717   64347   705108  10.73
1990-1999       75      0.04599  0.04495  0.50   62988    2832   61572   640761  10.17
1990-1999       76      0.05059  0.04934  0.50   60157    2968   58672   579189   9.63
1990-1999       77      0.05548  0.05398  0.50   57188    3087   55645   520516   9.10
1990-1999       78      0.06106  0.05925  0.50   54101    3206   52498   464872   8.59
1990-1999       79      0.06708  0.06490  0.50   50896    3303   49244   412373   8.10
1990-1999       80      0.07439  0.07172  0.50   47592    3413   45886   363129   7.63
1990-1999       81      0.08147  0.07828  0.50   44179    3459   42450   317243   7.18
1990-1999       82      0.09017  0.08628  0.50   40720    3513   38964   274794   6.75
1990-1999       83      0.09896  0.09429  0.50   37207    3508   35453   235830   6.34
1990-1999       84      0.10878  0.10317  0.50   33699    3477   31960   200377   5.95
1990-1999       85      0.11923  0.11252  0.50   30222    3401   28522   168417   5.57
1990-1999       86      0.13157  0.12345  0.50   26822    3311   25166   139895   5.22
1990-1999       87      0.14451  0.13477  0.50   23511    3169   21926   114729   4.88
1990-1999       88      0.15793  0.14637  0.50   20342    2977   18853    92803   4.56
1990-1999       89      0.17412  0.16017  0.50   17365    2781   15974    73949   4.26
1990-1999       90      0.19222  0.17537  0.50   14583    2557   13304    57975   3.98
1990-1999       91      0.20972  0.18981  0.50   12026    2283   10884    44671   3.71
1990-1999       92      0.23154  0.20752  0.50    9743    2022    8732    33786   3.47
1990-1999       93      0.25403  0.22540  0.50    7721    1740    6851    25054   3.24
1990-1999       94      0.27703  0.24332  0.50    5981    1455    5253    18203   3.04
1990-1999       95      0.29684  0.25847  0.50    4526    1170    3941    12950   2.86
1990-1999       96      0.32163  0.27707  0.50    3356     930    2891     9009   2.68
1990-1999       97      0.34761  0.29614  0.50    2426     718    2067     6118   2.52
1990-1999       98      0.37468  0.31556  0.50    1708     539    1438     4051   2.37
1990-1999       99      0.40269  0.33520  0.50    1169     392     973     2613   2.24
1990-1999      100      0.43148  0.35491  0.50     777     276     639     1640   2.11
1990-1999      101      0.46087  0.37456  0.50     501     188     407     1001   2.00
1990-1999      102      0.49065  0.39399  0.50     313     124     252      594   1.89
1990-1999      103      0.52060  0.41308  0.50     190      78     151      342   1.80
1990-1999      104      0.55051  0.43169  0.50     111      48      87      191   1.72
1990-1999      105      0.58014  0.44970  0.50      63      28      49      104   1.64
1990-1999      106      0.60928  0.46701  0.50      35      16      27       55   1.57
1990-1999      107      0.63772  0.48354  0.50      19       9      14       28   1.51
1990-1999      108      0.66529  0.49922  0.50      10       5       7       14   1.46
1990-1999      109      0.69182  0.51402  0.50       5       2       4        7   1.42
1990-1999      110+     0.71718  1.00000  1.39       2       2       3        3   1.39
2000-2009        0      0.00513  0.00511  0.14  100000     511   99560  7893122  78.93
2000-2009        1      0.00037  0.00037  0.50   99489      37   99471  7793562  78.34
2000-2009        2      0.00021  0.00021  0.50   99453      21   99442  7694091  77.36
2000-2009        3      0.00016  0.00016  0.50   99431      16   99423  7594649  76.38
2000-2009        4      0.00013  0.00013  0.50   99415      13   99408  7495226  75.39
2000-2009        5      0.00011  0.00011  0.50   99402      11   99396  7395818  74.40
2000-2009        6      0.00011  0.00011  0.50   99390      11   99385  7296422  73.41
2000-2009        7      0.00009  0.00009  0.50   99379       9   99375  7197037  72.42
2000-2009        8      0.00010  0.00010  0.50   99370      10   99365  7097662  71.43
2000-2009        9      0.00010  0.00010  0.50   99360      10   99355  6998297  70.43
2000-2009       10      0.00010  0.00010  0.50   99350      10   99345  6898942  69.44
2000-2009       11      0.00011  0.00011  0.50   99340      11   99335  6799597  68.45
2000-2009       12      0.00012  0.00012  0.50   99330      12   99323  6700262  67.45
2000-2009       13      0.00014  0.00014  0.50   99317      14   99310  6600939  66.46
2000-2009       14      0.00016  0.00016  0.50   99304      16   99296  6501628  65.47
2000-2009       15      0.00020  0.00020  0.50   99288      20   99278  6402332  64.48
2000-2009       16      0.00028  0.00028  0.50   99267      27   99254  6303055  63.50
2000-2009       17      0.00039  0.00039  0.50   99240      39   99221  6203801  62.51
2000-2009       18      0.00047  0.00047  0.50   99201      47   99178  6104581  61.54
2000-2009       19      0.00048  0.00048  0.50   99154      48   99130  6005403  60.57
2000-2009       20      0.00051  0.00051  0.50   99106      50   99081  5906273  59.60
2000-2009       21      0.00050  0.00050  0.50   99056      49   99031  5807191  58.63
2000-2009       22      0.00051  0.00051  0.50   99007      51   98981  5708160  57.65
2000-2009       23      0.00052  0.00052  0.50   98956      52   98930  5609179  56.68
2000-2009       24      0.00052  0.00052  0.50   98904      51   98878  5510249  55.71
2000-2009       25      0.00054  0.00054  0.50   98853      54   98826  5411370  54.74
2000-2009       26      0.00056  0.00056  0.50   98799      56   98771  5312544  53.77
2000-2009       27      0.00058  0.00058  0.50   98743      57   98715  5213773  52.80
2000-2009       28      0.00060  0.00060  0.50   98686      59   98657  5115058  51.83
2000-2009       29      0.00064  0.00064  0.50   98627      63   98596  5016401  50.86
2000-2009       30      0.00068  0.00068  0.50   98564      67   98531  4917806  49.89
2000-2009       31      0.00071  0.00071  0.50   98497      70   98462  4819275  48.93
2000-2009       32      0.00077  0.00077  0.50   98428      75   98390  4720813  47.96
2000-2009       33      0.00080  0.00080  0.50   98352      79   98313  4622423  47.00
2000-2009       34      0.00086  0.00086  0.50   98274      85   98231  4524110  46.04
2000-2009       35      0.00092  0.00092  0.50   98189      91   98144  4425879  45.08
2000-2009       36      0.00097  0.00097  0.50   98098      95   98051  4327735  44.12
2000-2009       37      0.00103  0.00103  0.50   98003     101   97953  4229684  43.16
2000-2009       38      0.00111  0.00110  0.50   97902     108   97848  4131732  42.20
2000-2009       39      0.00120  0.00120  0.50   97794     117   97735  4033884  41.25
2000-2009       40      0.00131  0.00131  0.50   97677     128   97613  3936149  40.30
2000-2009       41      0.00141  0.00141  0.50   97549     137   97480  3838536  39.35
2000-2009       42      0.00153  0.00153  0.50   97411     149   97337  3741056  38.40
2000-2009       43      0.00169  0.00169  0.50   97262     165   97180  3643720  37.46
2000-2009       44      0.00180  0.00180  0.50   97097     175   97010  3546540  36.53
2000-2009       45      0.00199  0.00199  0.50   96923     192   96826  3449530  35.59
2000-2009       46      0.00219  0.00219  0.50   96730     212   96624  3352703  34.66
2000-2009       47      0.00242  0.00241  0.50   96519     233   96402  3256079  33.74
2000-2009       48      0.00264  0.00264  0.50   96286     254   96159  3159677  32.82
2000-2009       49      0.00288  0.00288  0.50   96031     276   95893  3063518  31.90
2000-2009       50      0.00322  0.00322  0.50   95755     308   95601  2967625  30.99
2000-2009       51      0.00346  0.00345  0.50   95447     330   95282  2872024  30.09
2000-2009       52      0.00378  0.00378  0.50   95117     359   94938  2776742  29.19
2000-2009       53      0.00413  0.00412  0.50   94758     390   94563  2681804  28.30
2000-2009       54      0.00452  0.00451  0.50   94368     426   94155  2587241  27.42
2000-2009       55      0.00496  0.00495  0.50   93942     465   93709  2493086  26.54
2000-2009       56      0.00545  0.00543  0.50   93477     508   93223  2399377  25.67
2000-2009       57      0.00594  0.00593  0.50   92969     551   92694  2306154  24.81
2000-2009       58      0.00644  0.00642  0.50   92418     593   92121  2213460  23.95
2000-2009       59      0.00711  0.00708  0.50   91825     650   91500  2121339  23.10
2000-2009       60      0.00791  0.00788  0.50   91175     719   90815  2029839  22.26
2000-2009       61      0.00872  0.00868  0.50   90456     785   90063  1939024  21.44
2000-2009       62      0.00956  0.00951  0.50   89671     853   89244  1848960  20.62
2000-2009       63      0.01054  0.01049  0.50   88818     931   88352  1759716  19.81
2000-2009       64      0.01167  0.01160  0.50   87886    1019   87377  1671364  19.02
2000-2009       65      0.01277  0.01269  0.50   86867    1102   86316  1583987  18.23
2000-2009       66      0.01408  0.01398  0.50   85765    1199   85165  1497671  17.46
2000-2009       67      0.01554  0.01542  0.50   84566    1304   83914  1412506  16.70
2000-2009       68      0.01720  0.01705  0.50   83262    1420   82552  1328592  15.96
2000-2009       69      0.01897  0.01880  0.50   81842    1538   81073  1246040  15.22
2000-2009       70      0.02080  0.02058  0.50   80304    1653   79478  1164966  14.51
2000-2009       71      0.02325  0.02299  0.50   78651    1808   77747  1085489  13.80
2000-2009       72      0.02591  0.02558  0.50   76843    1966   75860  1007741  13.11
2000-2009       73      0.02879  0.02838  0.50   74878    2125   73815   931881  12.45
2000-2009       74      0.03225  0.03173  0.50   72753    2309   71598   858066  11.79
2000-2009       75      0.03578  0.03515  0.50   70444    2476   69206   786468  11.16
2000-2009       76      0.03983  0.03906  0.50   67968    2655   66641   717262  10.55
2000-2009       77      0.04418  0.04322  0.50   65313    2823   63902   650621   9.96
2000-2009       78      0.04893  0.04776  0.50   62490    2984   60998   586720   9.39
2000-2009       79      0.05467  0.05322  0.50   59506    3167   57922   525722   8.83
2000-2009       80      0.06129  0.05947  0.50   56339    3350   54664   467799   8.30
2000-2009       81      0.06784  0.06562  0.50   52989    3477   51250   413135   7.80
2000-2009       82      0.07518  0.07246  0.50   49512    3588   47718   361885   7.31
2000-2009       83      0.08354  0.08019  0.50   45924    3683   44083   314167   6.84
2000-2009       84      0.09282  0.08871  0.50   42242    3747   40368   270084   6.39
2000-2009       85      0.10362  0.09852  0.50   38494    3792   36598   229716   5.97
2000-2009       86      0.11507  0.10881  0.50   34702    3776   32814   193118   5.57
2000-2009       87      0.12793  0.12024  0.50   30926    3719   29067   160304   5.18
2000-2009       88      0.14243  0.13296  0.50   27208    3618   25399   131237   4.82
2000-2009       89      0.15843  0.14680  0.50   23590    3463   21859   105838   4.49
2000-2009       90      0.17477  0.16073  0.50   20127    3235   18510    83979   4.17
2000-2009       91      0.19471  0.17744  0.50   16892    2997   15393    65470   3.88
2000-2009       92      0.21696  0.19573  0.50   13895    2720   12535    50077   3.60
2000-2009       93      0.24004  0.21432  0.50   11175    2395    9978    37542   3.36
2000-2009       94      0.26151  0.23127  0.50    8780    2031    7765    27564   3.14
2000-2009       95      0.28439  0.24899  0.50    6750    1681    5909    19799   2.93
2000-2009       96      0.31039  0.26869  0.50    5069    1362    4388    13890   2.74
2000-2009       97      0.33775  0.28895  0.50    3707    1071    3171     9502   2.56
2000-2009       98      0.36634  0.30963  0.50    2636     816    2228     6331   2.40
2000-2009       99      0.39602  0.33056  0.50    1820     602    1519     4103   2.25
2000-2009      100      0.42659  0.35159  0.50    1218     428    1004     2584   2.12
2000-2009      101      0.45783  0.37255  0.50     790     294     643     1580   2.00
2000-2009      102      0.48952  0.39327  0.50     496     195     398      937   1.89
2000-2009      103      0.52139  0.41358  0.50     301     124     239      539   1.79
2000-2009      104      0.55318  0.43333  0.50     176      76     138      301   1.70
2000-2009      105      0.58463  0.45239  0.50     100      45      77      162   1.63
2000-2009      106      0.61547  0.47064  0.50      55      26      42       85   1.56
2000-2009      107      0.64548  0.48799  0.50      29      14      22       43   1.49
2000-2009      108      0.67445  0.50436  0.50      15       7      11       21   1.44
2000-2009      109      0.70218  0.51972  0.50       7       4       5       10   1.40
2000-2009      110+     0.72855  1.00000  1.37       4       4       5        5   1.37
2010-2018        0      0.00401  0.00400  0.14  100000     400   99657  8094645  80.95
2010-2018        1      0.00028  0.00028  0.50   99600      28   99586  7994989  80.27
2010-2018        2      0.00015  0.00015  0.50   99572      15   99565  7895402  79.29
2010-2018        3      0.00011  0.00011  0.50   99557      11   99552  7795838  78.31
2010-2018        4      0.00009  0.00009  0.50   99546       9   99541  7696286  77.31
2010-2018        5      0.00009  0.00009  0.50   99537       9   99532  7596745  76.32
2010-2018        6      0.00008  0.00008  0.50   99528       8   99524  7497212  75.33
2010-2018        7      0.00008  0.00008  0.50   99519       8   99516  7397689  74.33
2010-2018        8      0.00008  0.00008  0.50   99512       8   99508  7298173  73.34
2010-2018        9      0.00007  0.00007  0.50   99504       7   99501  7198665  72.35
2010-2018       10      0.00008  0.00008  0.50   99497       8   99493  7099165  71.35
2010-2018       11      0.00008  0.00008  0.50   99489       8   99485  6999672  70.36
2010-2018       12      0.00009  0.00009  0.50   99481       9   99477  6900186  69.36
2010-2018       13      0.00010  0.00010  0.50   99473      10   99468  6800709  68.37
2010-2018       14      0.00012  0.00012  0.50   99463      12   99457  6701242  67.37
2010-2018       15      0.00015  0.00015  0.50   99451      15   99444  6601785  66.38
2010-2018       16      0.00019  0.00019  0.50   99436      19   99427  6502341  65.39
2010-2018       17      0.00025  0.00025  0.50   99418      25   99405  6402914  64.40
2010-2018       18      0.00032  0.00032  0.50   99393      32   99377  6303508  63.42
2010-2018       19      0.00034  0.00034  0.50   99361      34   99344  6204131  62.44
2010-2018       20      0.00035  0.00035  0.50   99327      35   99310  6104787  61.46
2010-2018       21      0.00037  0.00037  0.50   99293      37   99274  6005477  60.48
2010-2018       22      0.00036  0.00036  0.50   99256      36   99238  5906203  59.50
2010-2018       23      0.00039  0.00039  0.50   99220      39   99200  5806965  58.53
2010-2018       24      0.00039  0.00039  0.50   99181      38   99161  5707765  57.55
2010-2018       25      0.00043  0.00043  0.50   99142      43   99121  5608603  56.57
2010-2018       26      0.00044  0.00044  0.50   99100      43   99078  5509482  55.60
2010-2018       27      0.00046  0.00046  0.50   99056      45   99034  5410404  54.62
2010-2018       28      0.00050  0.00050  0.50   99011      50   98986  5311371  53.64
2010-2018       29      0.00052  0.00052  0.50   98961      52   98935  5212384  52.67
2010-2018       30      0.00057  0.00057  0.50   98909      56   98881  5113449  51.70
2010-2018       31      0.00060  0.00060  0.50   98853      60   98823  5014568  50.73
2010-2018       32      0.00066  0.00066  0.50   98793      65   98761  4915745  49.76
2010-2018       33      0.00069  0.00069  0.50   98728      68   98694  4816984  48.79
2010-2018       34      0.00075  0.00075  0.50   98660      74   98623  4718290  47.82
2010-2018       35      0.00081  0.00081  0.50   98586      80   98546  4619667  46.86
2010-2018       36      0.00088  0.00088  0.50   98506      87   98463  4521121  45.90
2010-2018       37      0.00096  0.00096  0.50   98419      94   98372  4422659  44.94
2010-2018       38      0.00102  0.00102  0.50   98325     101   98274  4324287  43.98
2010-2018       39      0.00112  0.00112  0.50   98224     110   98169  4226012  43.02
2010-2018       40      0.00122  0.00122  0.50   98114     120   98055  4127843  42.07
2010-2018       41      0.00132  0.00132  0.50   97995     130   97930  4029789  41.12
2010-2018       42      0.00143  0.00143  0.50   97865     140   97795  3931859  40.18
2010-2018       43      0.00155  0.00155  0.50   97725     151   97650  3834064  39.23
2010-2018       44      0.00170  0.00170  0.50   97574     166   97491  3736414  38.29
2010-2018       45      0.00184  0.00184  0.50   97408     179   97319  3638923  37.36
2010-2018       46      0.00196  0.00195  0.50   97229     190   97135  3541604  36.43
2010-2018       47      0.00211  0.00211  0.50   97040     205   96937  3444469  35.50
2010-2018       48      0.00227  0.00227  0.50   96835     220   96725  3347532  34.57
2010-2018       49      0.00249  0.00248  0.50   96615     240   96495  3250808  33.65
2010-2018       50      0.00271  0.00271  0.50   96375     261   96245  3154313  32.73
2010-2018       51      0.00294  0.00294  0.50   96114     282   95973  3058068  31.82
2010-2018       52      0.00323  0.00322  0.50   95832     309   95678  2962095  30.91
2010-2018       53      0.00348  0.00347  0.50   95523     332   95357  2866417  30.01
2010-2018       54      0.00378  0.00377  0.50   95192     359   95012  2771059  29.11
2010-2018       55      0.00417  0.00416  0.50   94832     394   94635  2676047  28.22
2010-2018       56      0.00460  0.00459  0.50   94438     433   94222  2581412  27.33
2010-2018       57      0.00502  0.00501  0.50   94005     471   93770  2487190  26.46
2010-2018       58      0.00548  0.00547  0.50   93535     511   93279  2393420  25.59
2010-2018       59      0.00602  0.00600  0.50   93023     558   92744  2300141  24.73
2010-2018       60      0.00663  0.00661  0.50   92465     611   92160  2207397  23.87
2010-2018       61      0.00723  0.00720  0.50   91854     662   91523  2115237  23.03
2010-2018       62      0.00792  0.00789  0.50   91192     719   90833  2023714  22.19
2010-2018       63      0.00865  0.00862  0.50   90473     780   90084  1932881  21.36
2010-2018       64      0.00936  0.00932  0.50   89694     836   89276  1842798  20.55
2010-2018       65      0.01017  0.01012  0.50   88858     899   88408  1753522  19.73
2010-2018       66      0.01120  0.01114  0.50   87958     980   87469  1665114  18.93
2010-2018       67      0.01223  0.01215  0.50   86979    1057   86450  1577645  18.14
2010-2018       68      0.01339  0.01330  0.50   85922    1143   85350  1491195  17.36
2010-2018       69      0.01481  0.01470  0.50   84779    1246   84156  1405845  16.58
2010-2018       70      0.01641  0.01628  0.50   83533    1360   82853  1321689  15.82
2010-2018       71      0.01805  0.01789  0.50   82173    1470   81438  1238836  15.08
2010-2018       72      0.02027  0.02006  0.50   80703    1619   79893  1157398  14.34
2010-2018       73      0.02241  0.02216  0.50   79084    1753   78208  1077505  13.62
2010-2018       74      0.02501  0.02470  0.50   77331    1910   76376   999297  12.92
2010-2018       75      0.02772  0.02734  0.50   75421    2062   74390   922921  12.24
2010-2018       76      0.03094  0.03047  0.50   73359    2235   72242   848530  11.57
2010-2018       77      0.03434  0.03376  0.50   71124    2401   69923   776289  10.91
2010-2018       78      0.03847  0.03774  0.50   68723    2594   67426   706366  10.28
2010-2018       79      0.04281  0.04191  0.50   66129    2772   64743   638940   9.66
2010-2018       80      0.04847  0.04733  0.50   63357    2999   61858   574197   9.06
2010-2018       81      0.05447  0.05303  0.50   60359    3201   58758   512339   8.49
2010-2018       82      0.06143  0.05960  0.50   57158    3407   55455   453580   7.94
2010-2018       83      0.06959  0.06725  0.50   53752    3615   51944   398126   7.41
2010-2018       84      0.07844  0.07548  0.50   50137    3784   48245   346181   6.90
2010-2018       85      0.08822  0.08449  0.50   46353    3916   44394   297937   6.43
2010-2018       86      0.09938  0.09467  0.50   42436    4017   40427   253543   5.97
2010-2018       87      0.11149  0.10560  0.50   38419    4057   36390   213115   5.55
2010-2018       88      0.12540  0.11800  0.50   34361    4055   32334   176725   5.14
2010-2018       89      0.14062  0.13138  0.50   30307    3982   28316   144391   4.76
2010-2018       90      0.15988  0.14805  0.50   26325    3897   24376   116075   4.41
2010-2018       91      0.17743  0.16297  0.50   22428    3655   20600    91699   4.09
2010-2018       92      0.19841  0.18050  0.50   18773    3388   17078    71098   3.79
2010-2018       93      0.22032  0.19846  0.50   15384    3053   13858    54020   3.51
2010-2018       94      0.24445  0.21783  0.50   12331    2686   10988    40162   3.26
2010-2018       95      0.26957  0.23755  0.50    9645    2291    8499    29174   3.02
2010-2018       96      0.29679  0.25844  0.50    7354    1901    6404    20675   2.81
2010-2018       97      0.32561  0.28002  0.50    5453    1527    4690    14271   2.62
2010-2018       98      0.35589  0.30213  0.50    3926    1186    3333     9581   2.44
2010-2018       99      0.38747  0.32459  0.50    2740     889    2295     6248   2.28
2010-2018      100      0.42012  0.34719  0.50    1851     643    1529     3953   2.14
2010-2018      101      0.45358  0.36973  0.50    1208     447     985     2423   2.01
2010-2018      102      0.48757  0.39201  0.50     761     298     612     1438   1.89
2010-2018      103      0.52178  0.41382  0.50     463     192     367      826   1.78
2010-2018      104      0.55588  0.43498  0.50     271     118     212      459   1.69
2010-2018      105      0.58955  0.45533  0.50     153      70     118      247   1.61
2010-2018      106      0.62248  0.47473  0.50      84      40      64      128   1.54
2010-2018      107      0.65440  0.49307  0.50      44      22      33       65   1.47
2010-2018      108      0.68504  0.51026  0.50      22      11      17       32   1.42
2010-2018      109      0.71421  0.52627  0.50      11       6       8       15   1.38
2010-2018      110+     0.74174  1.00000  1.35       5       5       7        7   1.35
