Ireland, Life tables (period 1x10), Total	Last modified: 01 Oct 2019;  Methods Protocol: v6 (2017)

  Year          Age         mx       qx    ax      lx      dx      Lx       Tx     ex
1950-1959        0      0.03914  0.03791  0.17  100000    3791   96871  6775101  67.75
1950-1959        1      0.00320  0.00319  0.50   96209     307   96055  6678229  69.41
1950-1959        2      0.00182  0.00181  0.50   95902     174   95815  6582174  68.63
1950-1959        3      0.00122  0.00122  0.50   95728     117   95669  6486360  67.76
1950-1959        4      0.00101  0.00101  0.50   95611      96   95563  6390690  66.84
1950-1959        5      0.00080  0.00080  0.50   95515      76   95477  6295127  65.91
1950-1959        6      0.00065  0.00065  0.50   95439      62   95408  6199651  64.96
1950-1959        7      0.00065  0.00065  0.50   95377      62   95346  6104243  64.00
1950-1959        8      0.00056  0.00056  0.50   95316      53   95289  6008896  63.04
1950-1959        9      0.00045  0.00045  0.50   95263      43   95241  5913607  62.08
1950-1959       10      0.00049  0.00049  0.50   95220      47   95197  5818366  61.10
1950-1959       11      0.00046  0.00046  0.50   95173      44   95151  5723169  60.13
1950-1959       12      0.00048  0.00048  0.50   95129      46   95106  5628018  59.16
1950-1959       13      0.00049  0.00049  0.50   95083      46   95060  5532912  58.19
1950-1959       14      0.00059  0.00059  0.50   95037      56   95009  5437852  57.22
1950-1959       15      0.00068  0.00068  0.50   94981      64   94949  5342843  56.25
1950-1959       16      0.00077  0.00077  0.50   94917      73   94880  5247894  55.29
1950-1959       17      0.00088  0.00088  0.50   94844      84   94802  5153013  54.33
1950-1959       18      0.00098  0.00098  0.50   94760      93   94713  5058212  53.38
1950-1959       19      0.00108  0.00108  0.50   94667     102   94616  4963498  52.43
1950-1959       20      0.00115  0.00115  0.50   94565     109   94511  4868882  51.49
1950-1959       21      0.00128  0.00128  0.50   94456     121   94396  4774371  50.55
1950-1959       22      0.00123  0.00123  0.50   94335     116   94277  4679976  49.61
1950-1959       23      0.00144  0.00144  0.50   94220     136   94152  4585698  48.67
1950-1959       24      0.00148  0.00147  0.50   94084     139   94015  4491546  47.74
1950-1959       25      0.00143  0.00142  0.50   93945     134   93879  4397531  46.81
1950-1959       26      0.00147  0.00147  0.50   93812     138   93743  4303653  45.88
1950-1959       27      0.00163  0.00163  0.50   93674     153   93598  4209910  44.94
1950-1959       28      0.00173  0.00173  0.50   93521     162   93440  4116313  44.01
1950-1959       29      0.00180  0.00180  0.50   93359     168   93275  4022872  43.09
1950-1959       30      0.00210  0.00210  0.50   93191     196   93093  3929597  42.17
1950-1959       31      0.00163  0.00163  0.50   92996     152   92920  3836504  41.25
1950-1959       32      0.00221  0.00221  0.50   92844     205   92741  3743584  40.32
1950-1959       33      0.00203  0.00203  0.50   92638     188   92545  3650843  39.41
1950-1959       34      0.00218  0.00218  0.50   92451     201   92350  3558298  38.49
1950-1959       35      0.00252  0.00252  0.50   92249     232   92133  3465949  37.57
1950-1959       36      0.00250  0.00250  0.50   92017     230   91902  3373815  36.67
1950-1959       37      0.00242  0.00241  0.50   91787     222   91676  3281914  35.76
1950-1959       38      0.00310  0.00310  0.50   91565     283   91423  3190238  34.84
1950-1959       39      0.00279  0.00279  0.50   91282     254   91155  3098814  33.95
1950-1959       40      0.00395  0.00394  0.50   91027     359   90848  3007660  33.04
1950-1959       41      0.00267  0.00266  0.50   90669     241   90548  2916812  32.17
1950-1959       42      0.00410  0.00409  0.50   90427     370   90242  2826264  31.25
1950-1959       43      0.00372  0.00371  0.50   90057     335   89890  2736021  30.38
1950-1959       44      0.00384  0.00383  0.50   89723     343   89551  2646131  29.49
1950-1959       45      0.00493  0.00492  0.50   89379     440   89160  2556580  28.60
1950-1959       46      0.00492  0.00491  0.50   88940     437   88721  2467420  27.74
1950-1959       47      0.00505  0.00504  0.50   88503     446   88280  2378699  26.88
1950-1959       48      0.00631  0.00629  0.50   88057     554   87780  2290418  26.01
1950-1959       49      0.00601  0.00599  0.50   87503     524   87241  2202638  25.17
1950-1959       50      0.01003  0.00998  0.50   86979     868   86545  2115397  24.32
1950-1959       51      0.00624  0.00622  0.50   86111     535   85843  2028852  23.56
1950-1959       52      0.00923  0.00918  0.50   85576     786   85183  1943009  22.71
1950-1959       53      0.00926  0.00922  0.50   84790     781   84399  1857826  21.91
1950-1959       54      0.01101  0.01095  0.50   84008     920   83549  1773427  21.11
1950-1959       55      0.01111  0.01104  0.50   83089     918   82630  1689878  20.34
1950-1959       56      0.01374  0.01364  0.50   82171    1121   81611  1607249  19.56
1950-1959       57      0.01227  0.01220  0.50   81050     989   80556  1525638  18.82
1950-1959       58      0.01570  0.01558  0.50   80061    1247   79438  1445082  18.05
1950-1959       59      0.01406  0.01396  0.50   78814    1100   78264  1365645  17.33
1950-1959       60      0.02471  0.02440  0.50   77714    1897   76765  1287381  16.57
1950-1959       61      0.01538  0.01526  0.50   75817    1157   75239  1210616  15.97
1950-1959       62      0.02176  0.02153  0.50   74660    1607   73856  1135377  15.21
1950-1959       63      0.02192  0.02169  0.50   73053    1584   72261  1061520  14.53
1950-1959       64      0.02556  0.02524  0.50   71469    1804   70567   989260  13.84
1950-1959       65      0.03358  0.03303  0.50   69665    2301   68515   918693  13.19
1950-1959       66      0.02567  0.02534  0.50   67364    1707   66511   850179  12.62
1950-1959       67      0.02914  0.02872  0.50   65657    1886   64714   783668  11.94
1950-1959       68      0.03882  0.03808  0.50   63771    2428   62557   718954  11.27
1950-1959       69      0.03788  0.03717  0.50   61343    2280   60203   656397  10.70
1950-1959       70      0.05226  0.05093  0.50   59063    3008   57559   596194  10.09
1950-1959       71      0.04260  0.04171  0.50   56054    2338   54885   538635   9.61
1950-1959       72      0.05877  0.05710  0.50   53716    3067   52183   483750   9.01
1950-1959       73      0.06326  0.06132  0.50   50649    3106   49096   431567   8.52
1950-1959       74      0.07305  0.07048  0.50   47543    3351   45868   382471   8.04
1950-1959       75      0.08264  0.07936  0.50   44193    3507   42439   336603   7.62
1950-1959       76      0.08745  0.08379  0.50   40685    3409   38981   294164   7.23
1950-1959       77      0.08582  0.08229  0.50   37276    3067   35743   255183   6.85
1950-1959       78      0.10650  0.10111  0.50   34209    3459   32480   219440   6.41
1950-1959       79      0.09714  0.09264  0.50   30750    2849   29326   186960   6.08
1950-1959       80      0.14299  0.13345  0.50   27901    3723   26040   157635   5.65
1950-1959       81      0.10618  0.10083  0.50   24178    2438   22959   131595   5.44
1950-1959       82      0.14455  0.13481  0.50   21740    2931   20275   108636   5.00
1950-1959       83      0.14902  0.13869  0.50   18809    2609   17505    88361   4.70
1950-1959       84      0.19314  0.17613  0.50   16201    2853   14774    70856   4.37
1950-1959       85      0.19055  0.17398  0.50   13347    2322   12186    56082   4.20
1950-1959       86      0.22307  0.20068  0.50   11025    2213    9919    43896   3.98
1950-1959       87      0.22271  0.20039  0.50    8813    1766    7930    33977   3.86
1950-1959       88      0.22505  0.20229  0.50    7047    1425    6334    26047   3.70
1950-1959       89      0.22919  0.20563  0.50    5621    1156    5043    19713   3.51
1950-1959       90      0.30100  0.26162  0.50    4465    1168    3881    14670   3.29
1950-1959       91      0.22905  0.20551  0.50    3297     678    2958    10789   3.27
1950-1959       92      0.28271  0.24770  0.50    2619     649    2295     7831   2.99
1950-1959       93      0.30146  0.26197  0.50    1971     516    1713     5536   2.81
1950-1959       94      0.33009  0.28333  0.50    1454     412    1248     3823   2.63
1950-1959       95      0.36669  0.30988  0.50    1042     323     881     2575   2.47
1950-1959       96      0.38810  0.32503  0.50     719     234     602     1694   2.35
1950-1959       97      0.40987  0.34016  0.50     486     165     403     1092   2.25
1950-1959       98      0.43194  0.35522  0.50     320     114     263      689   2.15
1950-1959       99      0.45422  0.37015  0.50     207      76     168      425   2.06
1950-1959      100      0.47662  0.38490  0.50     130      50     105      257   1.97
1950-1959      101      0.49907  0.39940  0.50      80      32      64      152   1.90
1950-1959      102      0.52148  0.41363  0.50      48      20      38       88   1.82
1950-1959      103      0.54377  0.42753  0.50      28      12      22       50   1.76
1950-1959      104      0.56587  0.44107  0.50      16       7      13       27   1.70
1950-1959      105      0.58769  0.45422  0.50       9       4       7       15   1.64
1950-1959      106      0.60917  0.46695  0.50       5       2       4        8   1.59
1950-1959      107      0.63024  0.47922  0.50       3       1       2        4   1.54
1950-1959      108      0.65083  0.49104  0.50       1       1       1        2   1.50
1950-1959      109      0.67089  0.50237  0.50       1       0       1        1   1.47
1950-1959      110+     0.69038  1.00000  1.45       0       0       1        1   1.45
1960-1969        0      0.02605  0.02547  0.13  100000    2547   97780  7039978  70.40
1960-1969        1      0.00163  0.00163  0.50   97453     159   97374  6942198  71.24
1960-1969        2      0.00103  0.00102  0.50   97294     100   97245  6844824  70.35
1960-1969        3      0.00074  0.00074  0.50   97195      72   97159  6747579  69.42
1960-1969        4      0.00058  0.00058  0.50   97123      56   97095  6650421  68.47
1960-1969        5      0.00050  0.00050  0.50   97067      49   97042  6553326  67.51
1960-1969        6      0.00049  0.00049  0.50   97018      47   96994  6456284  66.55
1960-1969        7      0.00036  0.00036  0.50   96971      35   96953  6359289  65.58
1960-1969        8      0.00041  0.00041  0.50   96936      39   96916  6262336  64.60
1960-1969        9      0.00039  0.00039  0.50   96896      37   96877  6165420  63.63
1960-1969       10      0.00035  0.00035  0.50   96859      34   96842  6068543  62.65
1960-1969       11      0.00030  0.00030  0.50   96825      29   96810  5971701  61.68
1960-1969       12      0.00035  0.00035  0.50   96796      34   96779  5874891  60.69
1960-1969       13      0.00033  0.00033  0.50   96762      32   96746  5778112  59.71
1960-1969       14      0.00032  0.00032  0.50   96730      31   96715  5681366  58.73
1960-1969       15      0.00042  0.00042  0.50   96699      41   96679  5584652  57.75
1960-1969       16      0.00046  0.00046  0.50   96659      45   96636  5487973  56.78
1960-1969       17      0.00056  0.00056  0.50   96614      54   96587  5391336  55.80
1960-1969       18      0.00057  0.00057  0.50   96560      55   96532  5294749  54.83
1960-1969       19      0.00079  0.00079  0.50   96505      76   96467  5198217  53.86
1960-1969       20      0.00083  0.00083  0.50   96429      80   96389  5101750  52.91
1960-1969       21      0.00072  0.00072  0.50   96349      70   96314  5005361  51.95
1960-1969       22      0.00080  0.00080  0.50   96279      77   96241  4909047  50.99
1960-1969       23      0.00082  0.00082  0.50   96202      79   96163  4812807  50.03
1960-1969       24      0.00075  0.00075  0.50   96123      72   96087  4716644  49.07
1960-1969       25      0.00089  0.00089  0.50   96051      86   96008  4620557  48.11
1960-1969       26      0.00089  0.00089  0.50   95965      86   95922  4524550  47.15
1960-1969       27      0.00099  0.00099  0.50   95879      95   95832  4428627  46.19
1960-1969       28      0.00094  0.00094  0.50   95785      90   95740  4332796  45.23
1960-1969       29      0.00108  0.00108  0.50   95695     103   95643  4237056  44.28
1960-1969       30      0.00120  0.00120  0.50   95592     114   95535  4141412  43.32
1960-1969       31      0.00103  0.00103  0.50   95477      98   95428  4045878  42.38
1960-1969       32      0.00128  0.00127  0.50   95379     122   95318  3950450  41.42
1960-1969       33      0.00132  0.00132  0.50   95258     125   95195  3855131  40.47
1960-1969       34      0.00146  0.00146  0.50   95132     139   95063  3759936  39.52
1960-1969       35      0.00161  0.00161  0.50   94993     153   94917  3664873  38.58
1960-1969       36      0.00172  0.00172  0.50   94841     163   94759  3569956  37.64
1960-1969       37      0.00167  0.00167  0.50   94678     158   94599  3475197  36.71
1960-1969       38      0.00216  0.00216  0.50   94520     204   94417  3380598  35.77
1960-1969       39      0.00207  0.00206  0.50   94315     195   94218  3286181  34.84
1960-1969       40      0.00275  0.00275  0.50   94121     258   93991  3191963  33.91
1960-1969       41      0.00228  0.00228  0.50   93862     214   93755  3097972  33.01
1960-1969       42      0.00314  0.00314  0.50   93648     294   93502  3004216  32.08
1960-1969       43      0.00309  0.00308  0.50   93355     288   93211  2910715  31.18
1960-1969       44      0.00330  0.00329  0.50   93067     306   92914  2817504  30.27
1960-1969       45      0.00436  0.00435  0.50   92761     403   92559  2724590  29.37
1960-1969       46      0.00408  0.00408  0.50   92358     376   92169  2632030  28.50
1960-1969       47      0.00447  0.00446  0.50   91981     410   91776  2539861  27.61
1960-1969       48      0.00514  0.00513  0.50   91571     470   91336  2448085  26.73
1960-1969       49      0.00518  0.00517  0.50   91101     471   90866  2356748  25.87
1960-1969       50      0.00814  0.00811  0.50   90631     735   90263  2265882  25.00
1960-1969       51      0.00565  0.00563  0.50   89896     506   89643  2175619  24.20
1960-1969       52      0.00832  0.00829  0.50   89390     741   89019  2085976  23.34
1960-1969       53      0.00831  0.00827  0.50   88649     733   88282  1996957  22.53
1960-1969       54      0.00972  0.00967  0.50   87916     850   87491  1908674  21.71
1960-1969       55      0.00999  0.00994  0.50   87065     865   86633  1821184  20.92
1960-1969       56      0.01171  0.01164  0.50   86200    1004   85698  1734551  20.12
1960-1969       57      0.01134  0.01128  0.50   85197     961   84716  1648853  19.35
1960-1969       58      0.01428  0.01418  0.50   84236    1194   83638  1564137  18.57
1960-1969       59      0.01373  0.01363  0.50   83041    1132   82475  1480498  17.83
1960-1969       60      0.02068  0.02047  0.50   81909    1677   81071  1398023  17.07
1960-1969       61      0.01523  0.01511  0.50   80232    1212   79626  1316952  16.41
1960-1969       62      0.02161  0.02138  0.50   79020    1690   78175  1237326  15.66
1960-1969       63      0.02190  0.02166  0.50   77330    1675   76493  1159151  14.99
1960-1969       64      0.02473  0.02443  0.50   75656    1848   74731  1082658  14.31
1960-1969       65      0.03150  0.03101  0.50   73807    2289   72663  1007926  13.66
1960-1969       66      0.02595  0.02562  0.50   71518    1832   70602   935263  13.08
1960-1969       67      0.02836  0.02796  0.50   69686    1949   68711   864661  12.41
1960-1969       68      0.03680  0.03614  0.50   67737    2448   66513   795950  11.75
1960-1969       69      0.03651  0.03585  0.50   65289    2341   64119   729437  11.17
1960-1969       70      0.04862  0.04747  0.50   62948    2988   61455   665318  10.57
1960-1969       71      0.03828  0.03756  0.50   59961    2252   58835   603863  10.07
1960-1969       72      0.05467  0.05322  0.50   57709    3071   56173   545029   9.44
1960-1969       73      0.05804  0.05641  0.50   54637    3082   53096   488856   8.95
1960-1969       74      0.06611  0.06399  0.50   51556    3299   49906   435759   8.45
1960-1969       75      0.07471  0.07202  0.50   48256    3475   46519   385853   8.00
1960-1969       76      0.08031  0.07721  0.50   44781    3458   43052   339335   7.58
1960-1969       77      0.07874  0.07576  0.50   41323    3131   39758   296282   7.17
1960-1969       78      0.09557  0.09121  0.50   38193    3484   36451   256524   6.72
1960-1969       79      0.08961  0.08576  0.50   34709    2977   33221   220073   6.34
1960-1969       80      0.12928  0.12143  0.50   31732    3853   29806   186853   5.89
1960-1969       81      0.09997  0.09521  0.50   27879    2654   26552   157047   5.63
1960-1969       82      0.13411  0.12568  0.50   25225    3170   23640   130495   5.17
1960-1969       83      0.13982  0.13069  0.50   22054    2882   20613   106856   4.85
1960-1969       84      0.17975  0.16493  0.50   19172    3162   17591    86243   4.50
1960-1969       85      0.18101  0.16599  0.50   16010    2658   14681    68651   4.29
1960-1969       86      0.20611  0.18685  0.50   13353    2495   12105    53970   4.04
1960-1969       87      0.21198  0.19167  0.50   10858    2081    9817    41865   3.86
1960-1969       88      0.23001  0.20629  0.50    8777    1811    7871    32048   3.65
1960-1969       89      0.23068  0.20682  0.50    6966    1441    6246    24176   3.47
1960-1969       90      0.29081  0.25389  0.50    5525    1403    4824    17931   3.25
1960-1969       91      0.23866  0.21321  0.50    4122     879    3683    13107   3.18
1960-1969       92      0.29298  0.25555  0.50    3244     829    2829     9424   2.91
1960-1969       93      0.30631  0.26562  0.50    2415     641    2094     6595   2.73
1960-1969       94      0.34780  0.29628  0.50    1773     525    1511     4501   2.54
1960-1969       95      0.37647  0.31683  0.50    1248     395    1050     2990   2.40
1960-1969       96      0.40049  0.33367  0.50     853     284     710     1940   2.28
1960-1969       97      0.42492  0.35046  0.50     568     199     469     1230   2.16
1960-1969       98      0.44965  0.36711  0.50     369     135     301      761   2.06
1960-1969       99      0.47456  0.38355  0.50     234      90     189      460   1.97
1960-1969      100      0.49954  0.39971  0.50     144      58     115      271   1.88
1960-1969      101      0.52447  0.41551  0.50      86      36      68      156   1.81
1960-1969      102      0.54923  0.43090  0.50      51      22      40       88   1.73
1960-1969      103      0.57371  0.44582  0.50      29      13      22       48   1.67
1960-1969      104      0.59780  0.46024  0.50      16       7      12       26   1.61
1960-1969      105      0.62141  0.47411  0.50       9       4       7       13   1.55
1960-1969      106      0.64445  0.48740  0.50       5       2       3        7   1.51
1960-1969      107      0.66683  0.50009  0.50       2       1       2        3   1.46
1960-1969      108      0.68849  0.51218  0.50       1       1       1        2   1.42
1960-1969      109      0.70936  0.52364  0.50       1       0       0        1   1.39
1960-1969      110+     0.72940  1.00000  1.37       0       0       0        0   1.37
1970-1979        0      0.01695  0.01670  0.11  100000    1670   98521  7152971  71.53
1970-1979        1      0.00121  0.00121  0.50   98330     119   98271  7054450  71.74
1970-1979        2      0.00074  0.00074  0.50   98211      72   98175  6956179  70.83
1970-1979        3      0.00061  0.00061  0.50   98139      60   98109  6858004  69.88
1970-1979        4      0.00047  0.00047  0.50   98079      46   98056  6759895  68.92
1970-1979        5      0.00041  0.00041  0.50   98033      41   98013  6661839  67.96
1970-1979        6      0.00040  0.00040  0.50   97992      40   97972  6563827  66.98
1970-1979        7      0.00032  0.00032  0.50   97953      32   97937  6465855  66.01
1970-1979        8      0.00034  0.00034  0.50   97921      33   97904  6367918  65.03
1970-1979        9      0.00030  0.00030  0.50   97888      30   97873  6270013  64.05
1970-1979       10      0.00024  0.00024  0.50   97858      24   97846  6172141  63.07
1970-1979       11      0.00032  0.00032  0.50   97834      32   97819  6074294  62.09
1970-1979       12      0.00029  0.00029  0.50   97803      28   97789  5976476  61.11
1970-1979       13      0.00032  0.00032  0.50   97775      31   97759  5878687  60.12
1970-1979       14      0.00033  0.00033  0.50   97744      32   97727  5780928  59.14
1970-1979       15      0.00037  0.00037  0.50   97711      36   97693  5683200  58.16
1970-1979       16      0.00053  0.00053  0.50   97675      52   97649  5585507  57.18
1970-1979       17      0.00066  0.00066  0.50   97623      64   97591  5487858  56.21
1970-1979       18      0.00077  0.00077  0.50   97559      75   97521  5390267  55.25
1970-1979       19      0.00079  0.00079  0.50   97484      77   97445  5292746  54.29
1970-1979       20      0.00081  0.00081  0.50   97407      79   97367  5195301  53.34
1970-1979       21      0.00088  0.00088  0.50   97327      86   97285  5097934  52.38
1970-1979       22      0.00084  0.00084  0.50   97242      82   97201  5000649  51.42
1970-1979       23      0.00085  0.00085  0.50   97160      83   97118  4903449  50.47
1970-1979       24      0.00084  0.00084  0.50   97077      81   97036  4806330  49.51
1970-1979       25      0.00076  0.00076  0.50   96996      74   96959  4709294  48.55
1970-1979       26      0.00081  0.00081  0.50   96922      79   96883  4612335  47.59
1970-1979       27      0.00085  0.00085  0.50   96843      83   96802  4515452  46.63
1970-1979       28      0.00097  0.00096  0.50   96761      93   96714  4418650  45.67
1970-1979       29      0.00095  0.00095  0.50   96668      91   96622  4321936  44.71
1970-1979       30      0.00089  0.00089  0.50   96576      86   96533  4225314  43.75
1970-1979       31      0.00083  0.00083  0.50   96491      80   96451  4128781  42.79
1970-1979       32      0.00099  0.00099  0.50   96411      95   96363  4032330  41.82
1970-1979       33      0.00107  0.00107  0.50   96315     103   96264  3935967  40.87
1970-1979       34      0.00113  0.00113  0.50   96212     109   96158  3839703  39.91
1970-1979       35      0.00124  0.00124  0.50   96104     119   96044  3743545  38.95
1970-1979       36      0.00134  0.00134  0.50   95984     128   95920  3647501  38.00
1970-1979       37      0.00144  0.00144  0.50   95856     138   95787  3551581  37.05
1970-1979       38      0.00183  0.00183  0.50   95718     175   95630  3455794  36.10
1970-1979       39      0.00170  0.00170  0.50   95543     163   95462  3360164  35.17
1970-1979       40      0.00232  0.00232  0.50   95380     221   95269  3264702  34.23
1970-1979       41      0.00224  0.00224  0.50   95159     213   95052  3169433  33.31
1970-1979       42      0.00302  0.00302  0.50   94945     286   94802  3074381  32.38
1970-1979       43      0.00261  0.00261  0.50   94659     247   94536  2979578  31.48
1970-1979       44      0.00309  0.00309  0.50   94412     292   94267  2885043  30.56
1970-1979       45      0.00384  0.00384  0.50   94121     361   93940  2790776  29.65
1970-1979       46      0.00403  0.00402  0.50   93760     377   93571  2696835  28.76
1970-1979       47      0.00428  0.00428  0.50   93383     399   93183  2603264  27.88
1970-1979       48      0.00496  0.00495  0.50   92984     460   92753  2510081  26.99
1970-1979       49      0.00531  0.00529  0.50   92523     490   92278  2417328  26.13
1970-1979       50      0.00703  0.00701  0.50   92034     645   91711  2325049  25.26
1970-1979       51      0.00601  0.00599  0.50   91389     548   91115  2233338  24.44
1970-1979       52      0.00802  0.00799  0.50   90841     726   90478  2142223  23.58
1970-1979       53      0.00825  0.00821  0.50   90115     740   89745  2051745  22.77
1970-1979       54      0.00948  0.00944  0.50   89375     844   88954  1962000  21.95
1970-1979       55      0.00973  0.00968  0.50   88532     857   88103  1873046  21.16
1970-1979       56      0.01141  0.01134  0.50   87675     994   87178  1784943  20.36
1970-1979       57      0.01184  0.01178  0.50   86680    1021   86170  1697765  19.59
1970-1979       58      0.01378  0.01368  0.50   85660    1172   85074  1611595  18.81
1970-1979       59      0.01372  0.01363  0.50   84488    1152   83912  1526522  18.07
1970-1979       60      0.01890  0.01872  0.50   83336    1560   82556  1442610  17.31
1970-1979       61      0.01548  0.01536  0.50   81776    1256   81148  1360054  16.63
1970-1979       62      0.01998  0.01978  0.50   80520    1593   79723  1278906  15.88
1970-1979       63      0.02108  0.02086  0.50   78927    1646   78103  1199183  15.19
1970-1979       64      0.02355  0.02328  0.50   77280    1799   76381  1121079  14.51
1970-1979       65      0.02757  0.02719  0.50   75481    2053   74455  1044699  13.84
1970-1979       66      0.02568  0.02536  0.50   73429    1862   72498   970244  13.21
1970-1979       67      0.03058  0.03012  0.50   71567    2156   70489   897746  12.54
1970-1979       68      0.03597  0.03533  0.50   69411    2453   68185   827257  11.92
1970-1979       69      0.03744  0.03676  0.50   66958    2461   65728   759072  11.34
1970-1979       70      0.04725  0.04616  0.50   64497    2977   63009   693344  10.75
1970-1979       71      0.04084  0.04003  0.50   61520    2462   60289   630336  10.25
1970-1979       72      0.05228  0.05095  0.50   59058    3009   57553   570047   9.65
1970-1979       73      0.05656  0.05501  0.50   56049    3083   54507   512493   9.14
1970-1979       74      0.06434  0.06233  0.50   52966    3301   51315   457986   8.65
1970-1979       75      0.07066  0.06825  0.50   49664    3389   47969   406671   8.19
1970-1979       76      0.07803  0.07510  0.50   46275    3475   44537   358702   7.75
1970-1979       77      0.07595  0.07317  0.50   42799    3132   41234   314165   7.34
1970-1979       78      0.09407  0.08984  0.50   39668    3564   37886   272931   6.88
1970-1979       79      0.09108  0.08712  0.50   36104    3145   34531   235046   6.51
1970-1979       80      0.12170  0.11472  0.50   32959    3781   31068   200514   6.08
1970-1979       81      0.09748  0.09295  0.50   29178    2712   27822   169446   5.81
1970-1979       82      0.12706  0.11947  0.50   26466    3162   24885   141625   5.35
1970-1979       83      0.13817  0.12924  0.50   23304    3012   21798   116740   5.01
1970-1979       84      0.16885  0.15571  0.50   20292    3160   18712    94942   4.68
1970-1979       85      0.16649  0.15369  0.50   17132    2633   15816    76230   4.45
1970-1979       86      0.20185  0.18334  0.50   14499    2658   13170    60414   4.17
1970-1979       87      0.19725  0.17954  0.50   11841    2126   10778    47244   3.99
1970-1979       88      0.21966  0.19792  0.50    9715    1923    8754    36466   3.75
1970-1979       89      0.22678  0.20368  0.50    7792    1587    6999    27713   3.56
1970-1979       90      0.25877  0.22912  0.50    6205    1422    5494    20714   3.34
1970-1979       91      0.24049  0.21468  0.50    4783    1027    4270    15220   3.18
1970-1979       92      0.29162  0.25451  0.50    3756     956    3278    10950   2.92
1970-1979       93      0.31818  0.27451  0.50    2800     769    2416     7672   2.74
1970-1979       94      0.34074  0.29114  0.50    2032     591    1736     5256   2.59
1970-1979       95      0.36649  0.30973  0.50    1440     446    1217     3520   2.44
1970-1979       96      0.39090  0.32699  0.50     994     325     832     2303   2.32
1970-1979       97      0.41587  0.34428  0.50     669     230     554     1471   2.20
1970-1979       98      0.44130  0.36153  0.50     439     159     359      917   2.09
1970-1979       99      0.46705  0.37863  0.50     280     106     227      558   1.99
1970-1979      100      0.49299  0.39550  0.50     174      69     140      331   1.90
1970-1979      101      0.51901  0.41207  0.50     105      43      84      191   1.82
1970-1979      102      0.54495  0.42826  0.50      62      26      49      108   1.74
1970-1979      103      0.57069  0.44400  0.50      35      16      28       59   1.67
1970-1979      104      0.59609  0.45922  0.50      20       9      15       32   1.61
1970-1979      105      0.62103  0.47388  0.50      11       5       8       17   1.55
1970-1979      106      0.64539  0.48794  0.50       6       3       4        8   1.50
1970-1979      107      0.66907  0.50135  0.50       3       1       2        4   1.45
1970-1979      108      0.69196  0.51409  0.50       1       1       1        2   1.41
1970-1979      109      0.71399  0.52616  0.50       1       0       1        1   1.38
1970-1979      110+     0.73509  1.00000  1.36       0       0       0        0   1.36
1980-1989        0      0.00947  0.00939  0.13  100000     939   99183  7357458  73.57
1980-1989        1      0.00076  0.00076  0.50   99061      76   99023  7258274  73.27
1980-1989        2      0.00052  0.00052  0.50   98985      51   98960  7159251  72.33
1980-1989        3      0.00038  0.00038  0.50   98934      37   98916  7060291  71.36
1980-1989        4      0.00036  0.00036  0.50   98897      36   98879  6961376  70.39
1980-1989        5      0.00030  0.00030  0.50   98861      30   98846  6862496  69.42
1980-1989        6      0.00024  0.00024  0.50   98831      24   98820  6763650  68.44
1980-1989        7      0.00023  0.00023  0.50   98808      23   98796  6664830  67.45
1980-1989        8      0.00023  0.00023  0.50   98785      23   98774  6566034  66.47
1980-1989        9      0.00025  0.00025  0.50   98762      24   98750  6467260  65.48
1980-1989       10      0.00023  0.00023  0.50   98738      23   98726  6368510  64.50
1980-1989       11      0.00021  0.00021  0.50   98715      21   98705  6269784  63.51
1980-1989       12      0.00021  0.00021  0.50   98694      21   98684  6171079  62.53
1980-1989       13      0.00024  0.00024  0.50   98674      23   98662  6072395  61.54
1980-1989       14      0.00030  0.00030  0.50   98650      30   98635  5973734  60.55
1980-1989       15      0.00034  0.00034  0.50   98620      33   98604  5875098  59.57
1980-1989       16      0.00046  0.00046  0.50   98587      45   98565  5776495  58.59
1980-1989       17      0.00059  0.00059  0.50   98542      58   98513  5677930  57.62
1980-1989       18      0.00069  0.00069  0.50   98484      68   98450  5579417  56.65
1980-1989       19      0.00081  0.00081  0.50   98416      80   98376  5480967  55.69
1980-1989       20      0.00074  0.00074  0.50   98336      73   98300  5382591  54.74
1980-1989       21      0.00081  0.00081  0.50   98263      79   98224  5284292  53.78
1980-1989       22      0.00072  0.00072  0.50   98184      71   98149  5186068  52.82
1980-1989       23      0.00076  0.00076  0.50   98113      75   98076  5087919  51.86
1980-1989       24      0.00074  0.00074  0.50   98038      72   98002  4989844  50.90
1980-1989       25      0.00066  0.00066  0.50   97966      65   97934  4891841  49.93
1980-1989       26      0.00067  0.00067  0.50   97901      65   97869  4793907  48.97
1980-1989       27      0.00068  0.00068  0.50   97836      66   97803  4696038  48.00
1980-1989       28      0.00075  0.00075  0.50   97770      73   97734  4598235  47.03
1980-1989       29      0.00066  0.00066  0.50   97697      64   97665  4500502  46.07
1980-1989       30      0.00083  0.00082  0.50   97633      81   97593  4402836  45.10
1980-1989       31      0.00072  0.00072  0.50   97552      71   97517  4305244  44.13
1980-1989       32      0.00085  0.00085  0.50   97482      83   97440  4207727  43.16
1980-1989       33      0.00089  0.00089  0.50   97399      87   97356  4110287  42.20
1980-1989       34      0.00091  0.00091  0.50   97312      88   97268  4012931  41.24
1980-1989       35      0.00105  0.00105  0.50   97224     102   97173  3915663  40.27
1980-1989       36      0.00104  0.00104  0.50   97122     101   97071  3818491  39.32
1980-1989       37      0.00104  0.00104  0.50   97021     101   96970  3721419  38.36
1980-1989       38      0.00119  0.00119  0.50   96920     116   96862  3624449  37.40
1980-1989       39      0.00135  0.00135  0.50   96804     131   96739  3527587  36.44
1980-1989       40      0.00166  0.00166  0.50   96674     161   96593  3430848  35.49
1980-1989       41      0.00170  0.00170  0.50   96513     164   96431  3334255  34.55
1980-1989       42      0.00214  0.00213  0.50   96349     206   96246  3237824  33.61
1980-1989       43      0.00209  0.00209  0.50   96143     201   96043  3141579  32.68
1980-1989       44      0.00225  0.00225  0.50   95942     216   95834  3045536  31.74
1980-1989       45      0.00281  0.00280  0.50   95726     268   95592  2949702  30.81
1980-1989       46      0.00306  0.00306  0.50   95458     292   95312  2854110  29.90
1980-1989       47      0.00343  0.00342  0.50   95166     326   95003  2758798  28.99
1980-1989       48      0.00377  0.00376  0.50   94841     356   94662  2663795  28.09
1980-1989       49      0.00413  0.00412  0.50   94484     390   94289  2569132  27.19
1980-1989       50      0.00538  0.00536  0.50   94094     505   93842  2474843  26.30
1980-1989       51      0.00501  0.00499  0.50   93590     467   93356  2381001  25.44
1980-1989       52      0.00628  0.00626  0.50   93122     583   92831  2287645  24.57
1980-1989       53      0.00667  0.00664  0.50   92539     615   92232  2194814  23.72
1980-1989       54      0.00811  0.00808  0.50   91924     743   91553  2102583  22.87
1980-1989       55      0.00853  0.00849  0.50   91182     774   90795  2011030  22.06
1980-1989       56      0.00921  0.00917  0.50   90408     829   89993  1920235  21.24
1980-1989       57      0.01066  0.01060  0.50   89579     950   89104  1830242  20.43
1980-1989       58      0.01223  0.01216  0.50   88629    1077   88090  1741138  19.65
1980-1989       59      0.01289  0.01281  0.50   87552    1121   86991  1653048  18.88
1980-1989       60      0.01525  0.01513  0.50   86430    1308   85776  1566057  18.12
1980-1989       61      0.01484  0.01473  0.50   85123    1254   84496  1480280  17.39
1980-1989       62      0.01849  0.01832  0.50   83869    1536   83101  1395785  16.64
1980-1989       63      0.01948  0.01929  0.50   82332    1588   81538  1312684  15.94
1980-1989       64      0.02136  0.02113  0.50   80744    1706   79891  1231146  15.25
1980-1989       65      0.02404  0.02375  0.50   79038    1877   78099  1151255  14.57
1980-1989       66      0.02576  0.02543  0.50   77161    1963   76179  1073155  13.91
1980-1989       67      0.02717  0.02681  0.50   75198    2016   74190   996976  13.26
1980-1989       68      0.03111  0.03063  0.50   73182    2242   72062   922786  12.61
1980-1989       69      0.03333  0.03278  0.50   70941    2326   69778   850724  11.99
1980-1989       70      0.03925  0.03850  0.50   68615    2641   67295   780946  11.38
1980-1989       71      0.03886  0.03812  0.50   65974    2515   64716   713651  10.82
1980-1989       72      0.04733  0.04623  0.50   63459    2934   61992   648935  10.23
1980-1989       73      0.05072  0.04947  0.50   60525    2994   59028   586943   9.70
1980-1989       74      0.05781  0.05619  0.50   57531    3233   55915   527915   9.18
1980-1989       75      0.06271  0.06080  0.50   54298    3302   52647   472001   8.69
1980-1989       76      0.06907  0.06677  0.50   50997    3405   49294   419353   8.22
1980-1989       77      0.07098  0.06855  0.50   47592    3262   45961   370059   7.78
1980-1989       78      0.08095  0.07780  0.50   44329    3449   42605   324099   7.31
1980-1989       79      0.08829  0.08456  0.50   40881    3457   39152   281493   6.89
1980-1989       80      0.10237  0.09739  0.50   37424    3645   35601   242341   6.48
1980-1989       81      0.09795  0.09337  0.50   33779    3154   32202   206740   6.12
1980-1989       82      0.11943  0.11270  0.50   30625    3451   28899   174538   5.70
1980-1989       83      0.12723  0.11962  0.50   27174    3250   25548   145638   5.36
1980-1989       84      0.14915  0.13880  0.50   23923    3321   22263   120090   5.02
1980-1989       85      0.15136  0.14071  0.50   20603    2899   19153    97827   4.75
1980-1989       86      0.17712  0.16271  0.50   17704    2881   16263    78674   4.44
1980-1989       87      0.18750  0.17143  0.50   14823    2541   13553    62410   4.21
1980-1989       88      0.19892  0.18092  0.50   12282    2222   11171    48858   3.98
1980-1989       89      0.20885  0.18910  0.50   10060    1902    9109    37687   3.75
1980-1989       90      0.23558  0.21075  0.50    8158    1719    7298    28578   3.50
1980-1989       91      0.23247  0.20826  0.50    6438    1341    5768    21280   3.31
1980-1989       92      0.28780  0.25160  0.50    5097    1282    4456    15512   3.04
1980-1989       93      0.28960  0.25297  0.50    3815     965    3332    11056   2.90
1980-1989       94      0.32164  0.27708  0.50    2850     790    2455     7724   2.71
1980-1989       95      0.34560  0.29468  0.50    2060     607    1757     5269   2.56
1980-1989       96      0.37017  0.31236  0.50    1453     454    1226     3512   2.42
1980-1989       97      0.39549  0.33020  0.50     999     330     834     2286   2.29
1980-1989       98      0.42144  0.34809  0.50     669     233     553     1452   2.17
1980-1989       99      0.44788  0.36593  0.50     436     160     356      899   2.06
1980-1989      100      0.47468  0.38363  0.50     277     106     224      542   1.96
1980-1989      101      0.50167  0.40107  0.50     171      68     136      319   1.87
1980-1989      102      0.52872  0.41817  0.50     102      43      81      182   1.79
1980-1989      103      0.55565  0.43484  0.50      59      26      47      102   1.71
1980-1989      104      0.58231  0.45100  0.50      34      15      26       55   1.64
1980-1989      105      0.60855  0.46658  0.50      18       9      14       29   1.58
1980-1989      106      0.63423  0.48153  0.50      10       5       7       15   1.52
1980-1989      107      0.65921  0.49579  0.50       5       3       4        8   1.47
1980-1989      108      0.68337  0.50934  0.50       3       1       2        4   1.43
1980-1989      109      0.70663  0.52215  0.50       1       1       1        2   1.39
1980-1989      110+     0.72889  1.00000  1.37       1       1       1        1   1.37
1990-1999        0      0.00649  0.00646  0.14  100000     646   99442  7559806  75.60
1990-1999        1      0.00047  0.00047  0.50   99354      46   99331  7460364  75.09
1990-1999        2      0.00034  0.00034  0.50   99308      34   99291  7361033  74.12
1990-1999        3      0.00029  0.00029  0.50   99275      29   99260  7261741  73.15
1990-1999        4      0.00020  0.00020  0.50   99245      20   99235  7162481  72.17
1990-1999        5      0.00017  0.00017  0.50   99225      16   99217  7063246  71.18
1990-1999        6      0.00016  0.00016  0.50   99209      16   99201  6964029  70.20
1990-1999        7      0.00016  0.00016  0.50   99193      16   99185  6864828  69.21
1990-1999        8      0.00014  0.00014  0.50   99177      14   99170  6765644  68.22
1990-1999        9      0.00014  0.00014  0.50   99163      14   99156  6666474  67.23
1990-1999       10      0.00015  0.00015  0.50   99149      15   99142  6567318  66.24
1990-1999       11      0.00017  0.00017  0.50   99134      17   99126  6468176  65.25
1990-1999       12      0.00017  0.00017  0.50   99117      17   99109  6369050  64.26
1990-1999       13      0.00021  0.00021  0.50   99100      21   99090  6269942  63.27
1990-1999       14      0.00024  0.00024  0.50   99079      24   99067  6170852  62.28
1990-1999       15      0.00029  0.00029  0.50   99055      29   99041  6071785  61.30
1990-1999       16      0.00039  0.00039  0.50   99026      39   99007  5972744  60.31
1990-1999       17      0.00050  0.00050  0.50   98988      49   98963  5873737  59.34
1990-1999       18      0.00066  0.00066  0.50   98938      65   98906  5774774  58.37
1990-1999       19      0.00076  0.00076  0.50   98873      75   98836  5675868  57.41
1990-1999       20      0.00076  0.00076  0.50   98798      76   98761  5577032  56.45
1990-1999       21      0.00076  0.00076  0.50   98723      75   98685  5478272  55.49
1990-1999       22      0.00080  0.00080  0.50   98648      79   98608  5379587  54.53
1990-1999       23      0.00081  0.00081  0.50   98569      79   98529  5280978  53.58
1990-1999       24      0.00085  0.00085  0.50   98489      83   98448  5182449  52.62
1990-1999       25      0.00081  0.00081  0.50   98406      79   98367  5084001  51.66
1990-1999       26      0.00074  0.00074  0.50   98327      73   98290  4985635  50.70
1990-1999       27      0.00080  0.00080  0.50   98254      79   98215  4887344  49.74
1990-1999       28      0.00080  0.00080  0.50   98175      79   98136  4789130  48.78
1990-1999       29      0.00083  0.00083  0.50   98097      81   98056  4690994  47.82
1990-1999       30      0.00083  0.00083  0.50   98015      81   97975  4592938  46.86
1990-1999       31      0.00076  0.00076  0.50   97934      74   97897  4494963  45.90
1990-1999       32      0.00078  0.00078  0.50   97860      76   97822  4397066  44.93
1990-1999       33      0.00092  0.00092  0.50   97784      90   97739  4299244  43.97
1990-1999       34      0.00091  0.00091  0.50   97694      88   97650  4201504  43.01
1990-1999       35      0.00101  0.00101  0.50   97606      98   97557  4103854  42.05
1990-1999       36      0.00101  0.00101  0.50   97508      99   97458  4006297  41.09
1990-1999       37      0.00097  0.00097  0.50   97409      95   97362  3908839  40.13
1990-1999       38      0.00113  0.00113  0.50   97314     110   97259  3811478  39.17
1990-1999       39      0.00120  0.00120  0.50   97204     117   97146  3714218  38.21
1990-1999       40      0.00133  0.00133  0.50   97087     129   97023  3617073  37.26
1990-1999       41      0.00145  0.00145  0.50   96958     140   96888  3520050  36.30
1990-1999       42      0.00165  0.00165  0.50   96817     159   96738  3423162  35.36
1990-1999       43      0.00183  0.00183  0.50   96658     177   96570  3326425  34.41
1990-1999       44      0.00196  0.00196  0.50   96481     189   96387  3229855  33.48
1990-1999       45      0.00224  0.00224  0.50   96293     216   96185  3133468  32.54
1990-1999       46      0.00255  0.00254  0.50   96077     244   95955  3037283  31.61
1990-1999       47      0.00273  0.00273  0.50   95833     262   95702  2941328  30.69
1990-1999       48      0.00304  0.00303  0.50   95571     290   95426  2845627  29.78
1990-1999       49      0.00328  0.00327  0.50   95281     312   95125  2750201  28.86
1990-1999       50      0.00371  0.00371  0.50   94970     352   94793  2655075  27.96
1990-1999       51      0.00380  0.00379  0.50   94617     359   94438  2560282  27.06
1990-1999       52      0.00465  0.00464  0.50   94259     437   94040  2465844  26.16
1990-1999       53      0.00498  0.00497  0.50   93821     466   93588  2371804  25.28
1990-1999       54      0.00586  0.00584  0.50   93355     545   93082  2278216  24.40
1990-1999       55      0.00640  0.00638  0.50   92810     592   92514  2185133  23.54
1990-1999       56      0.00713  0.00710  0.50   92218     655   91890  2092620  22.69
1990-1999       57      0.00798  0.00795  0.50   91562     728   91199  2000730  21.85
1990-1999       58      0.00894  0.00890  0.50   90835     808   90431  1909531  21.02
1990-1999       59      0.00975  0.00970  0.50   90026     873   89590  1819100  20.21
1990-1999       60      0.01109  0.01102  0.50   89153     983   88662  1729511  19.40
1990-1999       61      0.01171  0.01165  0.50   88170    1027   87657  1640849  18.61
1990-1999       62      0.01410  0.01400  0.50   87143    1220   86533  1553192  17.82
1990-1999       63      0.01555  0.01543  0.50   85923    1326   85260  1466659  17.07
1990-1999       64      0.01676  0.01662  0.50   84597    1406   83894  1381399  16.33
1990-1999       65      0.01869  0.01852  0.50   83191    1541   82421  1297505  15.60
1990-1999       66      0.02099  0.02078  0.50   81650    1696   80802  1215084  14.88
1990-1999       67      0.02322  0.02295  0.50   79954    1835   79036  1134282  14.19
1990-1999       68      0.02532  0.02500  0.50   78119    1953   77142  1055246  13.51
1990-1999       69      0.02920  0.02878  0.50   76166    2192   75070   978103  12.84
1990-1999       70      0.03217  0.03166  0.50   73974    2342   72803   903033  12.21
1990-1999       71      0.03372  0.03316  0.50   71632    2375   70445   830230  11.59
1990-1999       72      0.04036  0.03956  0.50   69257    2740   67887   759786  10.97
1990-1999       73      0.04259  0.04170  0.50   66517    2774   65130   691899  10.40
1990-1999       74      0.04843  0.04729  0.50   63743    3014   62236   626768   9.83
1990-1999       75      0.05351  0.05212  0.50   60729    3165   59147   564532   9.30
1990-1999       76      0.05929  0.05758  0.50   57564    3315   55907   505386   8.78
1990-1999       77      0.06455  0.06253  0.50   54249    3392   52553   449479   8.29
1990-1999       78      0.07062  0.06821  0.50   50857    3469   49122   396926   7.80
1990-1999       79      0.07928  0.07626  0.50   47388    3614   45581   347804   7.34
1990-1999       80      0.08785  0.08415  0.50   43774    3684   41932   302223   6.90
1990-1999       81      0.09337  0.08921  0.50   40091    3576   38302   260291   6.49
1990-1999       82      0.10575  0.10044  0.50   36514    3667   34680   221988   6.08
1990-1999       83      0.11709  0.11061  0.50   32847    3633   31030   187308   5.70
1990-1999       84      0.12992  0.12200  0.50   29214    3564   27432   156278   5.35
1990-1999       85      0.13959  0.13048  0.50   25650    3347   23976   128846   5.02
1990-1999       86      0.15838  0.14675  0.50   22303    3273   20666   104870   4.70
1990-1999       87      0.16641  0.15363  0.50   19030    2923   17568    84204   4.42
1990-1999       88      0.17881  0.16414  0.50   16106    2644   14784    66636   4.14
1990-1999       89      0.20506  0.18599  0.50   13463    2504   12211    51851   3.85
1990-1999       90      0.21962  0.19789  0.50   10959    2169    9874    39641   3.62
1990-1999       91      0.23508  0.21036  0.50    8790    1849    7866    29767   3.39
1990-1999       92      0.27020  0.23804  0.50    6941    1652    6115    21901   3.16
1990-1999       93      0.27982  0.24548  0.50    5289    1298    4640    15786   2.98
1990-1999       94      0.30384  0.26377  0.50    3991    1053    3464    11146   2.79
1990-1999       95      0.33316  0.28559  0.50    2938     839    2518     7682   2.61
1990-1999       96      0.35916  0.30448  0.50    2099     639    1779     5164   2.46
1990-1999       97      0.38613  0.32365  0.50    1460     472    1224     3384   2.32
1990-1999       98      0.41395  0.34297  0.50     987     339     818     2161   2.19
1990-1999       99      0.44245  0.36230  0.50     649     235     531     1343   2.07
1990-1999      100      0.47144  0.38151  0.50     414     158     335      812   1.96
1990-1999      101      0.50074  0.40047  0.50     256     102     205      477   1.86
1990-1999      102      0.53013  0.41906  0.50     153      64     121      272   1.77
1990-1999      103      0.55942  0.43714  0.50      89      39      70      151   1.69
1990-1999      104      0.58838  0.45463  0.50      50      23      39       81   1.62
1990-1999      105      0.61682  0.47143  0.50      27      13      21       43   1.56
1990-1999      106      0.64456  0.48746  0.50      14       7      11       22   1.50
1990-1999      107      0.67142  0.50267  0.50       7       4       6       11   1.45
1990-1999      108      0.69726  0.51701  0.50       4       2       3        5   1.40
1990-1999      109      0.72196  0.53047  0.50       2       1       1        2   1.36
1990-1999      110+     0.74542  1.00000  1.34       1       1       1        1   1.34
2000-2009        0      0.00455  0.00453  0.14  100000     453   99611  7855147  78.55
2000-2009        1      0.00038  0.00038  0.50   99547      38   99528  7755536  77.91
2000-2009        2      0.00023  0.00023  0.50   99509      23   99498  7656008  76.94
2000-2009        3      0.00015  0.00015  0.50   99486      15   99479  7556510  75.96
2000-2009        4      0.00013  0.00013  0.50   99471      13   99464  7457032  74.97
2000-2009        5      0.00012  0.00012  0.50   99458      12   99452  7357567  73.98
2000-2009        6      0.00010  0.00010  0.50   99446      10   99440  7258116  72.99
2000-2009        7      0.00010  0.00010  0.50   99435      10   99430  7158675  71.99
2000-2009        8      0.00008  0.00008  0.50   99425       8   99421  7059245  71.00
2000-2009        9      0.00012  0.00012  0.50   99417      12   99411  6959824  70.01
2000-2009       10      0.00010  0.00010  0.50   99405      10   99400  6860413  69.01
2000-2009       11      0.00012  0.00012  0.50   99395      12   99389  6761013  68.02
2000-2009       12      0.00012  0.00012  0.50   99383      12   99377  6661623  67.03
2000-2009       13      0.00016  0.00016  0.50   99371      16   99363  6562246  66.04
2000-2009       14      0.00021  0.00021  0.50   99355      21   99345  6462883  65.05
2000-2009       15      0.00028  0.00028  0.50   99335      28   99321  6363538  64.06
2000-2009       16      0.00034  0.00034  0.50   99306      33   99290  6264217  63.08
2000-2009       17      0.00046  0.00046  0.50   99273      46   99250  6164928  62.10
2000-2009       18      0.00065  0.00065  0.50   99227      64   99195  6065677  61.13
2000-2009       19      0.00073  0.00073  0.50   99163      73   99127  5966482  60.17
2000-2009       20      0.00069  0.00069  0.50   99090      68   99056  5867356  59.21
2000-2009       21      0.00070  0.00070  0.50   99022      69   98987  5768300  58.25
2000-2009       22      0.00065  0.00065  0.50   98952      65   98920  5669312  57.29
2000-2009       23      0.00065  0.00064  0.50   98888      64   98856  5570392  56.33
2000-2009       24      0.00064  0.00064  0.50   98824      63   98792  5471536  55.37
2000-2009       25      0.00061  0.00061  0.50   98761      60   98731  5372744  54.40
2000-2009       26      0.00067  0.00067  0.50   98701      66   98668  5274013  53.43
2000-2009       27      0.00068  0.00068  0.50   98635      67   98601  5175345  52.47
2000-2009       28      0.00065  0.00065  0.50   98568      64   98536  5076744  51.51
2000-2009       29      0.00073  0.00073  0.50   98504      72   98468  4978208  50.54
2000-2009       30      0.00074  0.00074  0.50   98432      73   98396  4879741  49.57
2000-2009       31      0.00068  0.00068  0.50   98359      67   98326  4781345  48.61
2000-2009       32      0.00072  0.00072  0.50   98293      71   98257  4683019  47.64
2000-2009       33      0.00081  0.00081  0.50   98221      80   98182  4584762  46.68
2000-2009       34      0.00078  0.00078  0.50   98142      76   98103  4486581  45.72
2000-2009       35      0.00088  0.00088  0.50   98065      87   98022  4388477  44.75
2000-2009       36      0.00090  0.00090  0.50   97979      88   97934  4290455  43.79
2000-2009       37      0.00095  0.00095  0.50   97890      93   97844  4192521  42.83
2000-2009       38      0.00104  0.00104  0.50   97797     101   97746  4094677  41.87
2000-2009       39      0.00113  0.00113  0.50   97696     110   97641  3996931  40.91
2000-2009       40      0.00120  0.00120  0.50   97586     117   97527  3899290  39.96
2000-2009       41      0.00134  0.00134  0.50   97468     131   97403  3801763  39.01
2000-2009       42      0.00144  0.00143  0.50   97338     140   97268  3704360  38.06
2000-2009       43      0.00152  0.00152  0.50   97198     147   97124  3607092  37.11
2000-2009       44      0.00174  0.00174  0.50   97051     169   96966  3509968  36.17
2000-2009       45      0.00179  0.00179  0.50   96882     173   96795  3413002  35.23
2000-2009       46      0.00212  0.00212  0.50   96709     205   96606  3316207  34.29
2000-2009       47      0.00227  0.00227  0.50   96504     219   96394  3219601  33.36
2000-2009       48      0.00252  0.00252  0.50   96284     242   96163  3123207  32.44
2000-2009       49      0.00273  0.00272  0.50   96042     262   95911  3027043  31.52
2000-2009       50      0.00294  0.00293  0.50   95781     281   95640  2931132  30.60
2000-2009       51      0.00340  0.00339  0.50   95500     324   95338  2835492  29.69
2000-2009       52      0.00371  0.00370  0.50   95176     352   94999  2740154  28.79
2000-2009       53      0.00410  0.00409  0.50   94823     388   94629  2645155  27.90
2000-2009       54      0.00440  0.00439  0.50   94436     415   94228  2550525  27.01
2000-2009       55      0.00482  0.00481  0.50   94021     452   93795  2456297  26.13
2000-2009       56      0.00531  0.00530  0.50   93569     496   93321  2362502  25.25
2000-2009       57      0.00570  0.00568  0.50   93073     529   92809  2269181  24.38
2000-2009       58      0.00636  0.00634  0.50   92544     587   92251  2176373  23.52
2000-2009       59      0.00717  0.00714  0.50   91957     657   91629  2084122  22.66
2000-2009       60      0.00779  0.00776  0.50   91301     708   90946  1992493  21.82
2000-2009       61      0.00851  0.00847  0.50   90592     768   90209  1901547  20.99
2000-2009       62      0.00944  0.00939  0.50   89825     844   89403  1811338  20.17
2000-2009       63      0.01046  0.01041  0.50   88981     926   88518  1721935  19.35
2000-2009       64      0.01186  0.01179  0.50   88055    1038   87536  1633417  18.55
2000-2009       65      0.01286  0.01278  0.50   87017    1112   86461  1545881  17.77
2000-2009       66      0.01471  0.01460  0.50   85905    1254   85278  1459420  16.99
2000-2009       67      0.01556  0.01544  0.50   84651    1307   83997  1374143  16.23
2000-2009       68      0.01710  0.01696  0.50   83343    1413   82637  1290146  15.48
2000-2009       69      0.01944  0.01925  0.50   81930    1577   81141  1207509  14.74
2000-2009       70      0.02140  0.02117  0.50   80353    1701   79502  1126368  14.02
2000-2009       71      0.02422  0.02393  0.50   78652    1882   77711  1046865  13.31
2000-2009       72      0.02690  0.02654  0.50   76770    2037   75751   969155  12.62
2000-2009       73      0.03016  0.02971  0.50   74732    2221   73622   893404  11.95
2000-2009       74      0.03399  0.03342  0.50   72512    2424   71300   819782  11.31
2000-2009       75      0.03813  0.03742  0.50   70088    2623   68777   748482  10.68
2000-2009       76      0.04325  0.04233  0.50   67465    2856   66037   679706  10.07
2000-2009       77      0.04642  0.04536  0.50   64609    2931   63144   613669   9.50
2000-2009       78      0.05313  0.05176  0.50   61678    3192   60082   550525   8.93
2000-2009       79      0.06009  0.05834  0.50   58486    3412   56780   490443   8.39
2000-2009       80      0.06642  0.06429  0.50   55074    3541   53304   433663   7.87
2000-2009       81      0.07338  0.07079  0.50   51533    3648   49709   380359   7.38
2000-2009       82      0.08419  0.08078  0.50   47886    3868   45951   330649   6.90
2000-2009       83      0.09073  0.08680  0.50   44017    3820   42107   284698   6.47
2000-2009       84      0.10151  0.09660  0.50   40197    3883   38255   242591   6.04
2000-2009       85      0.11174  0.10583  0.50   36313    3843   34392   204336   5.63
2000-2009       86      0.12718  0.11957  0.50   32471    3883   30529   169944   5.23
2000-2009       87      0.14503  0.13522  0.50   28588    3866   26655   139415   4.88
2000-2009       88      0.15477  0.14365  0.50   24722    3551   22946   112760   4.56
2000-2009       89      0.17881  0.16414  0.50   21171    3475   19433    89813   4.24
2000-2009       90      0.18998  0.17350  0.50   17696    3070   16161    70380   3.98
2000-2009       91      0.20906  0.18928  0.50   14626    2768   13241    54219   3.71
2000-2009       92      0.22993  0.20622  0.50   11857    2445   10635    40978   3.46
2000-2009       93      0.25580  0.22679  0.50    9412    2135    8345    30343   3.22
2000-2009       94      0.26871  0.23688  0.50    7277    1724    6415    21999   3.02
2000-2009       95      0.30206  0.26242  0.50    5554    1457    4825    15583   2.81
2000-2009       96      0.32847  0.28214  0.50    4096    1156    3518    10758   2.63
2000-2009       97      0.35611  0.30228  0.50    2940     889    2496     7240   2.46
2000-2009       98      0.38483  0.32273  0.50    2052     662    1721     4744   2.31
2000-2009       99      0.41446  0.34332  0.50    1390     477    1151     3023   2.18
2000-2009      100      0.44483  0.36390  0.50     912     332     746     1872   2.05
2000-2009      101      0.47572  0.38431  0.50     580     223     469     1126   1.94
2000-2009      102      0.50689  0.40440  0.50     357     145     285      657   1.84
2000-2009      103      0.53811  0.42402  0.50     213      90     168      372   1.75
2000-2009      104      0.56912  0.44304  0.50     123      54      95      204   1.66
2000-2009      105      0.59968  0.46135  0.50      68      32      53      109   1.59
2000-2009      106      0.62956  0.47883  0.50      37      18      28       56   1.53
2000-2009      107      0.65855  0.49542  0.50      19       9      14       28   1.47
2000-2009      108      0.68647  0.51106  0.50      10       5       7       14   1.42
2000-2009      109      0.71315  0.52570  0.50       5       2       3        7   1.38
2000-2009      110+     0.73848  1.00000  1.35       2       2       3        3   1.35
2010-2017        0      0.00338  0.00337  0.14  100000     337   99711  8114890  81.15
2010-2017        1      0.00023  0.00023  0.50   99663      23   99652  8015178  80.42
2010-2017        2      0.00014  0.00014  0.50   99640      14   99633  7915526  79.44
2010-2017        3      0.00008  0.00008  0.50   99626       8   99623  7815893  78.45
2010-2017        4      0.00009  0.00009  0.50   99619       9   99614  7716271  77.46
2010-2017        5      0.00009  0.00009  0.50   99610       9   99605  7616656  76.46
2010-2017        6      0.00008  0.00008  0.50   99601       8   99597  7517051  75.47
2010-2017        7      0.00007  0.00007  0.50   99593       7   99590  7417454  74.48
2010-2017        8      0.00008  0.00008  0.50   99586       8   99582  7317864  73.48
2010-2017        9      0.00005  0.00005  0.50   99578       5   99575  7218282  72.49
2010-2017       10      0.00008  0.00008  0.50   99573       8   99569  7118707  71.49
2010-2017       11      0.00008  0.00008  0.50   99565       8   99561  7019138  70.50
2010-2017       12      0.00006  0.00006  0.50   99557       6   99554  6919577  69.50
2010-2017       13      0.00009  0.00009  0.50   99551       9   99547  6820023  68.51
2010-2017       14      0.00010  0.00009  0.50   99542       9   99538  6720476  67.51
2010-2017       15      0.00021  0.00021  0.50   99533      21   99523  6620938  66.52
2010-2017       16      0.00021  0.00021  0.50   99512      21   99502  6521416  65.53
2010-2017       17      0.00025  0.00025  0.50   99491      25   99479  6421914  64.55
2010-2017       18      0.00031  0.00031  0.50   99466      30   99451  6322435  63.56
2010-2017       19      0.00039  0.00039  0.50   99436      39   99417  6222984  62.58
2010-2017       20      0.00045  0.00045  0.50   99397      44   99375  6123567  61.61
2010-2017       21      0.00051  0.00051  0.50   99353      51   99327  6024192  60.63
2010-2017       22      0.00048  0.00048  0.50   99302      48   99278  5924865  59.67
2010-2017       23      0.00042  0.00042  0.50   99254      42   99234  5825587  58.69
2010-2017       24      0.00054  0.00054  0.50   99213      53   99186  5726353  57.72
2010-2017       25      0.00050  0.00050  0.50   99159      50   99135  5627167  56.75
2010-2017       26      0.00053  0.00053  0.50   99110      53   99083  5528033  55.78
2010-2017       27      0.00052  0.00052  0.50   99057      51   99031  5428949  54.81
2010-2017       28      0.00049  0.00049  0.50   99006      49   98981  5329918  53.83
2010-2017       29      0.00051  0.00051  0.50   98957      50   98931  5230937  52.86
2010-2017       30      0.00052  0.00052  0.50   98906      52   98880  5132005  51.89
2010-2017       31      0.00050  0.00050  0.50   98855      50   98830  5033125  50.91
2010-2017       32      0.00062  0.00062  0.50   98805      61   98774  4934295  49.94
2010-2017       33      0.00067  0.00067  0.50   98744      66   98711  4835521  48.97
2010-2017       34      0.00069  0.00069  0.50   98678      68   98644  4736810  48.00
2010-2017       35      0.00067  0.00067  0.50   98610      67   98577  4638166  47.04
2010-2017       36      0.00076  0.00076  0.50   98544      75   98506  4539589  46.07
2010-2017       37      0.00072  0.00072  0.50   98468      71   98433  4441084  45.10
2010-2017       38      0.00080  0.00080  0.50   98397      79   98358  4342651  44.13
2010-2017       39      0.00087  0.00087  0.50   98319      85   98276  4244293  43.17
2010-2017       40      0.00103  0.00103  0.50   98233     101   98183  4146017  42.21
2010-2017       41      0.00112  0.00112  0.50   98132     110   98077  4047834  41.25
2010-2017       42      0.00110  0.00110  0.50   98022     108   97969  3949757  40.29
2010-2017       43      0.00128  0.00128  0.50   97915     126   97852  3851788  39.34
2010-2017       44      0.00129  0.00128  0.50   97789     126   97726  3753936  38.39
2010-2017       45      0.00145  0.00145  0.50   97663     142   97593  3656210  37.44
2010-2017       46      0.00165  0.00165  0.50   97522     161   97442  3558617  36.49
2010-2017       47      0.00178  0.00177  0.50   97361     173   97275  3461176  35.55
2010-2017       48      0.00203  0.00203  0.50   97189     197   97090  3363901  34.61
2010-2017       49      0.00209  0.00208  0.50   96991     202   96890  3266811  33.68
2010-2017       50      0.00238  0.00238  0.50   96789     230   96674  3169921  32.75
2010-2017       51      0.00261  0.00261  0.50   96559     252   96433  3073247  31.83
2010-2017       52      0.00292  0.00292  0.50   96307     281   96167  2976814  30.91
2010-2017       53      0.00312  0.00312  0.50   96026     299   95877  2880647  30.00
2010-2017       54      0.00354  0.00354  0.50   95727     339   95558  2784770  29.09
2010-2017       55      0.00382  0.00381  0.50   95388     363   95207  2689213  28.19
2010-2017       56      0.00425  0.00425  0.50   95025     403   94823  2594006  27.30
2010-2017       57      0.00430  0.00429  0.50   94622     406   94418  2499183  26.41
2010-2017       58      0.00515  0.00513  0.50   94215     484   93974  2404764  25.52
2010-2017       59      0.00551  0.00550  0.50   93732     515   93474  2310791  24.65
2010-2017       60      0.00580  0.00578  0.50   93216     539   92947  2217317  23.79
2010-2017       61      0.00660  0.00658  0.50   92678     610   92373  2124369  22.92
2010-2017       62      0.00736  0.00733  0.50   92068     675   91730  2031997  22.07
2010-2017       63      0.00805  0.00802  0.50   91393     733   91027  1940266  21.23
2010-2017       64      0.00910  0.00906  0.50   90660     821   90250  1849240  20.40
2010-2017       65      0.00983  0.00979  0.50   89839     879   89399  1758990  19.58
2010-2017       66      0.01066  0.01060  0.50   88960     943   88488  1669591  18.77
2010-2017       67      0.01165  0.01158  0.50   88017    1019   87507  1581102  17.96
2010-2017       68      0.01315  0.01307  0.50   86998    1137   86429  1493595  17.17
2010-2017       69      0.01440  0.01430  0.50   85861    1228   85247  1407166  16.39
2010-2017       70      0.01598  0.01585  0.50   84633    1342   83962  1321919  15.62
2010-2017       71      0.01799  0.01783  0.50   83292    1485   82549  1237956  14.86
2010-2017       72      0.01980  0.01961  0.50   81807    1604   81005  1155407  14.12
2010-2017       73      0.02182  0.02158  0.50   80202    1731   79337  1074403  13.40
2010-2017       74      0.02467  0.02437  0.50   78471    1912   77515   995066  12.68
2010-2017       75      0.02782  0.02743  0.50   76559    2100   75509   917551  11.98
2010-2017       76      0.03074  0.03028  0.50   74459    2254   73331   842042  11.31
2010-2017       77      0.03526  0.03465  0.50   72204    2502   70953   768711  10.65
2010-2017       78      0.04018  0.03939  0.50   69702    2745   68330   697757  10.01
2010-2017       79      0.04374  0.04280  0.50   66957    2866   65524   629428   9.40
2010-2017       80      0.04934  0.04816  0.50   64091    3086   62548   563904   8.80
2010-2017       81      0.05772  0.05610  0.50   61005    3422   59294   501356   8.22
2010-2017       82      0.06562  0.06354  0.50   57582    3659   55753   442062   7.68
2010-2017       83      0.07286  0.07030  0.50   53924    3791   52029   386309   7.16
2010-2017       84      0.08020  0.07711  0.50   50133    3866   48200   334281   6.67
2010-2017       85      0.09234  0.08826  0.50   46267    4084   44226   286081   6.18
2010-2017       86      0.10497  0.09973  0.50   42184    4207   40080   241855   5.73
2010-2017       87      0.12164  0.11467  0.50   37977    4355   35799   201775   5.31
2010-2017       88      0.13527  0.12670  0.50   33622    4260   31492   165975   4.94
2010-2017       89      0.14728  0.13717  0.50   29362    4028   27348   134483   4.58
2010-2017       90      0.16726  0.15435  0.50   25334    3910   23379   107135   4.23
2010-2017       91      0.18999  0.17351  0.50   21424    3717   19565    83756   3.91
2010-2017       92      0.21331  0.19275  0.50   17707    3413   16000    64191   3.63
2010-2017       93      0.23044  0.20663  0.50   14294    2954   12817    48191   3.37
2010-2017       94      0.25852  0.22893  0.50   11340    2596   10042    35374   3.12
2010-2017       95      0.28430  0.24892  0.50    8744    2177    7656    25331   2.90
2010-2017       96      0.31299  0.27064  0.50    6568    1777    5679    17676   2.69
2010-2017       97      0.34330  0.29301  0.50    4790    1404    4088    11997   2.50
2010-2017       98      0.37507  0.31584  0.50    3387    1070    2852     7908   2.34
2010-2017       99      0.40807  0.33892  0.50    2317     785    1924     5057   2.18
2010-2017      100      0.44204  0.36202  0.50    1532     555    1254     3132   2.05
2010-2017      101      0.47669  0.38494  0.50     977     376     789     1878   1.92
2010-2017      102      0.51168  0.40744  0.50     601     245     479     1089   1.81
2010-2017      103      0.54667  0.42932  0.50     356     153     280      610   1.71
2010-2017      104      0.58131  0.45040  0.50     203      92     157      331   1.63
2010-2017      105      0.61526  0.47051  0.50     112      53      85      173   1.55
2010-2017      106      0.64820  0.48954  0.50      59      29      45       88   1.48
2010-2017      107      0.67987  0.50739  0.50      30      15      23       43   1.42
2010-2017      108      0.71002  0.52400  0.50      15       8      11       20   1.37
2010-2017      109      0.73848  0.53934  0.50       7       4       5        9   1.33
2010-2017      110+     0.76511  1.00000  1.31       3       3       4        4   1.31
