Republic of Korea, Life tables (period 1x10), Total	Last modified: 15 Nov 2019;  Methods Protocol: v6 (2017)

  Year          Age         mx       qx    ax      lx      dx      Lx       Tx     ex
2003-2009        0      0.00417  0.00416  0.14  100000     416   99643  7885900  78.86
2003-2009        1      0.00041  0.00041  0.50   99584      41   99564  7786258  78.19
2003-2009        2      0.00029  0.00029  0.50   99543      29   99529  7686694  77.22
2003-2009        3      0.00025  0.00025  0.50   99514      25   99502  7587166  76.24
2003-2009        4      0.00021  0.00021  0.50   99489      21   99478  7487664  75.26
2003-2009        5      0.00019  0.00019  0.50   99468      19   99458  7388186  74.28
2003-2009        6      0.00019  0.00019  0.50   99449      19   99440  7288727  73.29
2003-2009        7      0.00017  0.00017  0.50   99430      17   99422  7189288  72.30
2003-2009        8      0.00015  0.00015  0.50   99413      15   99406  7089866  71.32
2003-2009        9      0.00013  0.00013  0.50   99398      13   99392  6990460  70.33
2003-2009       10      0.00013  0.00013  0.50   99385      12   99379  6891068  69.34
2003-2009       11      0.00012  0.00012  0.50   99373      12   99367  6791689  68.35
2003-2009       12      0.00013  0.00013  0.50   99361      13   99354  6692322  67.35
2003-2009       13      0.00015  0.00015  0.50   99348      15   99340  6592968  66.36
2003-2009       14      0.00018  0.00018  0.50   99333      18   99324  6493628  65.37
2003-2009       15      0.00023  0.00023  0.50   99315      22   99304  6394304  64.38
2003-2009       16      0.00029  0.00029  0.50   99293      28   99278  6295000  63.40
2003-2009       17      0.00034  0.00034  0.50   99264      33   99248  6195722  62.42
2003-2009       18      0.00038  0.00038  0.50   99231      38   99212  6096474  61.44
2003-2009       19      0.00040  0.00040  0.50   99193      40   99173  5997262  60.46
2003-2009       20      0.00042  0.00042  0.50   99153      41   99133  5898089  59.48
2003-2009       21      0.00042  0.00042  0.50   99112      41   99091  5798957  58.51
2003-2009       22      0.00048  0.00048  0.50   99070      48   99046  5699866  57.53
2003-2009       23      0.00051  0.00051  0.50   99023      51   98997  5600819  56.56
2003-2009       24      0.00053  0.00053  0.50   98972      53   98946  5501822  55.59
2003-2009       25      0.00057  0.00057  0.50   98919      57   98891  5402876  54.62
2003-2009       26      0.00058  0.00058  0.50   98863      58   98834  5303985  53.65
2003-2009       27      0.00060  0.00060  0.50   98805      59   98776  5205151  52.68
2003-2009       28      0.00061  0.00061  0.50   98746      61   98716  5106376  51.71
2003-2009       29      0.00065  0.00065  0.50   98685      64   98654  5007660  50.74
2003-2009       30      0.00068  0.00068  0.50   98622      67   98588  4909007  49.78
2003-2009       31      0.00070  0.00070  0.50   98555      69   98521  4810418  48.81
2003-2009       32      0.00073  0.00073  0.50   98486      72   98450  4711898  47.84
2003-2009       33      0.00078  0.00078  0.50   98414      77   98376  4613447  46.88
2003-2009       34      0.00085  0.00085  0.50   98337      84   98295  4515072  45.91
2003-2009       35      0.00089  0.00089  0.50   98253      88   98209  4416777  44.95
2003-2009       36      0.00102  0.00102  0.50   98165     100   98116  4318567  43.99
2003-2009       37      0.00109  0.00109  0.50   98066     107   98012  4220452  43.04
2003-2009       38      0.00123  0.00123  0.50   97959     120   97899  4122439  42.08
2003-2009       39      0.00132  0.00132  0.50   97839     130   97774  4024540  41.13
2003-2009       40      0.00148  0.00148  0.50   97709     145   97637  3926766  40.19
2003-2009       41      0.00161  0.00161  0.50   97564     157   97486  3829130  39.25
2003-2009       42      0.00180  0.00180  0.50   97407     175   97320  3731644  38.31
2003-2009       43      0.00203  0.00203  0.50   97232     197   97134  3634324  37.38
2003-2009       44      0.00217  0.00217  0.50   97035     210   96930  3537190  36.45
2003-2009       45      0.00237  0.00237  0.50   96825     229   96710  3440260  35.53
2003-2009       46      0.00261  0.00261  0.50   96596     252   96470  3343550  34.61
2003-2009       47      0.00282  0.00281  0.50   96344     271   96208  3247080  33.70
2003-2009       48      0.00306  0.00306  0.50   96073     294   95926  3150872  32.80
2003-2009       49      0.00329  0.00328  0.50   95779     314   95622  3054946  31.90
2003-2009       50      0.00355  0.00355  0.50   95465     339   95295  2959324  31.00
2003-2009       51      0.00385  0.00384  0.50   95126     365   94943  2864029  30.11
2003-2009       52      0.00411  0.00410  0.50   94761     389   94566  2769086  29.22
2003-2009       53      0.00445  0.00444  0.50   94372     419   94162  2674519  28.34
2003-2009       54      0.00484  0.00483  0.50   93952     454   93725  2580357  27.46
2003-2009       55      0.00515  0.00513  0.50   93499     480   93259  2486632  26.60
2003-2009       56      0.00556  0.00555  0.50   93019     516   92761  2393373  25.73
2003-2009       57      0.00592  0.00590  0.50   92503     546   92230  2300612  24.87
2003-2009       58      0.00636  0.00634  0.50   91957     583   91666  2208382  24.02
2003-2009       59      0.00684  0.00682  0.50   91374     623   91063  2116716  23.17
2003-2009       60      0.00753  0.00750  0.50   90751     680   90411  2025654  22.32
2003-2009       61      0.00822  0.00818  0.50   90071     737   89702  1935243  21.49
2003-2009       62      0.00921  0.00916  0.50   89334     819   88924  1845541  20.66
2003-2009       63      0.00984  0.00979  0.50   88515     866   88082  1756616  19.85
2003-2009       64      0.01102  0.01096  0.50   87649     961   87168  1668534  19.04
2003-2009       65      0.01197  0.01190  0.50   86688    1032   86172  1581366  18.24
2003-2009       66      0.01340  0.01331  0.50   85657    1140   85086  1495194  17.46
2003-2009       67      0.01487  0.01476  0.50   84516    1247   83893  1410108  16.68
2003-2009       68      0.01645  0.01632  0.50   83269    1359   82589  1326215  15.93
2003-2009       69      0.01833  0.01817  0.50   81910    1488   81166  1243625  15.18
2003-2009       70      0.02034  0.02013  0.50   80422    1619   79612  1162460  14.45
2003-2009       71      0.02248  0.02223  0.50   78803    1751   77927  1082847  13.74
2003-2009       72      0.02507  0.02476  0.50   77051    1908   76097  1004920  13.04
2003-2009       73      0.02755  0.02717  0.50   75144    2042   74123   928823  12.36
2003-2009       74      0.03076  0.03029  0.50   73102    2215   71994   854700  11.69
2003-2009       75      0.03463  0.03404  0.50   70887    2413   69680   782706  11.04
2003-2009       76      0.03905  0.03830  0.50   68474    2622   67163   713025  10.41
2003-2009       77      0.04396  0.04302  0.50   65852    2833   64435   645863   9.81
2003-2009       78      0.04911  0.04794  0.50   63019    3021   61508   581427   9.23
2003-2009       79      0.05500  0.05353  0.50   59998    3212   58392   519919   8.67
2003-2009       80      0.06297  0.06105  0.50   56786    3467   55053   461527   8.13
2003-2009       81      0.07034  0.06795  0.50   53320    3623   51508   406474   7.62
2003-2009       82      0.07853  0.07556  0.50   49696    3755   47819   354966   7.14
2003-2009       83      0.08784  0.08415  0.50   45941    3866   44008   307147   6.69
2003-2009       84      0.09815  0.09356  0.50   42075    3936   40107   263139   6.25
2003-2009       85      0.10931  0.10365  0.50   38139    3953   36162   223031   5.85
2003-2009       86      0.12135  0.11441  0.50   34186    3911   32230   186869   5.47
2003-2009       87      0.13406  0.12564  0.50   30275    3804   28373   154639   5.11
2003-2009       88      0.14884  0.13853  0.50   26471    3667   24637   126266   4.77
2003-2009       89      0.16458  0.15207  0.50   22804    3468   21070   101628   4.46
2003-2009       90      0.17961  0.16481  0.50   19336    3187   17743    80558   4.17
2003-2009       91      0.19734  0.17962  0.50   16149    2901   14699    62815   3.89
2003-2009       92      0.22052  0.19862  0.50   13249    2631   11933    48117   3.63
2003-2009       93      0.23426  0.20970  0.50   10617    2226    9504    36184   3.41
2003-2009       94      0.25254  0.22423  0.50    8391    1881    7450    26680   3.18
2003-2009       95      0.28301  0.24792  0.50    6509    1614    5702    19230   2.95
2003-2009       96      0.30823  0.26707  0.50    4895    1307    4242    13527   2.76
2003-2009       97      0.33479  0.28678  0.50    3588    1029    3074     9286   2.59
2003-2009       98      0.36255  0.30692  0.50    2559     785    2166     6212   2.43
2003-2009       99      0.39139  0.32733  0.50    1774     581    1483     4046   2.28
2003-2009      100      0.42112  0.34788  0.50    1193     415     986     2562   2.15
2003-2009      101      0.45156  0.36838  0.50     778     287     635     1577   2.03
2003-2009      102      0.48247  0.38870  0.50     491     191     396      942   1.92
2003-2009      103      0.51361  0.40866  0.50     300     123     239      546   1.82
2003-2009      104      0.54474  0.42813  0.50     178      76     140      307   1.73
2003-2009      105      0.57562  0.44697  0.50     102      45      79      168   1.65
2003-2009      106      0.60598  0.46507  0.50      56      26      43       89   1.58
2003-2009      107      0.63562  0.48233  0.50      30      14      23       46   1.52
2003-2009      108      0.66432  0.49868  0.50      16       8      12       23   1.46
2003-2009      109      0.69191  0.51407  0.50       8       4       6       11   1.42
2003-2009      110+     0.71823  1.00000  1.39       4       4       5        5   1.39
2010-2018        0      0.00300  0.00299  0.14  100000     299   99743  8186592  81.87
2010-2018        1      0.00027  0.00027  0.50   99701      27   99687  8086848  81.11
2010-2018        2      0.00017  0.00017  0.50   99673      17   99665  7987161  80.13
2010-2018        3      0.00013  0.00013  0.50   99656      13   99650  7887496  79.15
2010-2018        4      0.00011  0.00011  0.50   99643      11   99637  7787847  78.16
2010-2018        5      0.00011  0.00011  0.50   99632      11   99626  7688210  77.17
2010-2018        6      0.00010  0.00010  0.50   99621      10   99616  7588583  76.17
2010-2018        7      0.00010  0.00010  0.50   99611      10   99606  7488968  75.18
2010-2018        8      0.00009  0.00009  0.50   99601       9   99597  7389362  74.19
2010-2018        9      0.00008  0.00008  0.50   99592       8   99588  7289765  73.20
2010-2018       10      0.00009  0.00009  0.50   99584       8   99580  7190177  72.20
2010-2018       11      0.00008  0.00008  0.50   99575       8   99571  7090597  71.21
2010-2018       12      0.00009  0.00009  0.50   99567       9   99563  6991026  70.21
2010-2018       13      0.00011  0.00011  0.50   99558      11   99553  6891463  69.22
2010-2018       14      0.00013  0.00013  0.50   99547      13   99541  6791911  68.23
2010-2018       15      0.00016  0.00016  0.50   99534      16   99526  6692370  67.24
2010-2018       16      0.00023  0.00023  0.50   99518      23   99507  6592844  66.25
2010-2018       17      0.00024  0.00024  0.50   99496      24   99484  6493336  65.26
2010-2018       18      0.00027  0.00027  0.50   99472      27   99458  6393853  64.28
2010-2018       19      0.00031  0.00031  0.50   99444      31   99429  6294395  63.30
2010-2018       20      0.00032  0.00032  0.50   99414      32   99398  6194966  62.32
2010-2018       21      0.00031  0.00031  0.50   99382      31   99367  6095568  61.33
2010-2018       22      0.00037  0.00037  0.50   99352      37   99333  5996201  60.35
2010-2018       23      0.00038  0.00038  0.50   99315      38   99296  5896868  59.38
2010-2018       24      0.00042  0.00042  0.50   99277      42   99256  5797572  58.40
2010-2018       25      0.00045  0.00045  0.50   99235      44   99213  5698316  57.42
2010-2018       26      0.00047  0.00047  0.50   99191      47   99168  5599102  56.45
2010-2018       27      0.00048  0.00048  0.50   99145      48   99121  5499934  55.47
2010-2018       28      0.00051  0.00051  0.50   99097      51   99071  5400814  54.50
2010-2018       29      0.00056  0.00056  0.50   99046      55   99018  5301743  53.53
2010-2018       30      0.00056  0.00056  0.50   98990      56   98963  5202725  52.56
2010-2018       31      0.00062  0.00062  0.50   98935      62   98904  5103762  51.59
2010-2018       32      0.00065  0.00065  0.50   98873      64   98841  5004858  50.62
2010-2018       33      0.00066  0.00066  0.50   98809      65   98777  4906017  49.65
2010-2018       34      0.00069  0.00069  0.50   98744      68   98710  4807241  48.68
2010-2018       35      0.00075  0.00075  0.50   98676      74   98639  4708531  47.72
2010-2018       36      0.00079  0.00079  0.50   98602      78   98563  4609892  46.75
2010-2018       37      0.00085  0.00085  0.50   98524      84   98482  4511329  45.79
2010-2018       38      0.00091  0.00091  0.50   98440      90   98395  4412847  44.83
2010-2018       39      0.00102  0.00102  0.50   98350     101   98300  4314452  43.87
2010-2018       40      0.00111  0.00111  0.50   98250     109   98195  4216152  42.91
2010-2018       41      0.00119  0.00119  0.50   98141     117   98083  4117956  41.96
2010-2018       42      0.00130  0.00130  0.50   98024     128   97961  4019874  41.01
2010-2018       43      0.00142  0.00142  0.50   97897     139   97827  3921913  40.06
2010-2018       44      0.00157  0.00157  0.50   97757     153   97681  3824086  39.12
2010-2018       45      0.00170  0.00169  0.50   97604     165   97522  3726405  38.18
2010-2018       46      0.00188  0.00187  0.50   97439     183   97348  3628883  37.24
2010-2018       47      0.00204  0.00204  0.50   97257     198   97157  3531535  36.31
2010-2018       48      0.00222  0.00222  0.50   97058     216   96950  3434378  35.38
2010-2018       49      0.00248  0.00248  0.50   96843     240   96723  3337428  34.46
2010-2018       50      0.00269  0.00268  0.50   96603     259   96473  3240705  33.55
2010-2018       51      0.00290  0.00289  0.50   96343     279   96204  3144232  32.64
2010-2018       52      0.00313  0.00312  0.50   96065     300   95915  3048028  31.73
2010-2018       53      0.00333  0.00332  0.50   95765     318   95606  2952113  30.83
2010-2018       54      0.00357  0.00356  0.50   95447     340   95277  2856507  29.93
2010-2018       55      0.00378  0.00377  0.50   95107     358   94928  2761231  29.03
2010-2018       56      0.00405  0.00404  0.50   94748     383   94557  2666303  28.14
2010-2018       57      0.00434  0.00433  0.50   94366     409   94161  2571746  27.25
2010-2018       58      0.00473  0.00472  0.50   93957     443   93735  2477585  26.37
2010-2018       59      0.00502  0.00500  0.50   93513     468   93279  2383850  25.49
2010-2018       60      0.00542  0.00540  0.50   93045     503   92794  2290571  24.62
2010-2018       61      0.00589  0.00587  0.50   92543     543   92271  2197777  23.75
2010-2018       62      0.00637  0.00635  0.50   91999     584   91707  2105505  22.89
2010-2018       63      0.00699  0.00696  0.50   91415     637   91097  2013798  22.03
2010-2018       64      0.00745  0.00742  0.50   90778     674   90441  1922702  21.18
2010-2018       65      0.00809  0.00806  0.50   90105     726   89741  1832260  20.33
2010-2018       66      0.00888  0.00884  0.50   89378     790   88983  1742519  19.50
2010-2018       67      0.00998  0.00993  0.50   88588     879   88149  1653536  18.67
2010-2018       68      0.01112  0.01105  0.50   87709     970   87224  1565387  17.85
2010-2018       69      0.01231  0.01223  0.50   86739    1061   86209  1478163  17.04
2010-2018       70      0.01397  0.01387  0.50   85678    1188   85084  1391954  16.25
2010-2018       71      0.01562  0.01550  0.50   84490    1309   83835  1306870  15.47
2010-2018       72      0.01750  0.01735  0.50   83181    1443   82459  1223035  14.70
2010-2018       73      0.01978  0.01959  0.50   81738    1601   80937  1140576  13.95
2010-2018       74      0.02236  0.02212  0.50   80137    1772   79251  1059638  13.22
2010-2018       75      0.02544  0.02512  0.50   78365    1968   77380   980388  12.51
2010-2018       76      0.02841  0.02801  0.50   76396    2140   75326   903007  11.82
2010-2018       77      0.03215  0.03164  0.50   74256    2350   73081   827681  11.15
2010-2018       78      0.03663  0.03597  0.50   71907    2586   70613   754599  10.49
2010-2018       79      0.04112  0.04029  0.50   69320    2793   67924   683986   9.87
2010-2018       80      0.04666  0.04560  0.50   66527    3034   65011   616062   9.26
2010-2018       81      0.05240  0.05106  0.50   63494    3242   61873   551052   8.68
2010-2018       82      0.05993  0.05819  0.50   60252    3506   58499   489179   8.12
2010-2018       83      0.06763  0.06542  0.50   56746    3712   54890   430680   7.59
2010-2018       84      0.07609  0.07330  0.50   53034    3888   51090   375790   7.09
2010-2018       85      0.08644  0.08286  0.50   49146    4072   47110   324700   6.61
2010-2018       86      0.09571  0.09134  0.50   45074    4117   43016   277590   6.16
2010-2018       87      0.10916  0.10351  0.50   40957    4240   38837   234575   5.73
2010-2018       88      0.12262  0.11554  0.50   36717    4242   34596   195737   5.33
2010-2018       89      0.13681  0.12805  0.50   32475    4158   30396   161141   4.96
2010-2018       90      0.15327  0.14236  0.50   28317    4031   26301   130745   4.62
2010-2018       91      0.16757  0.15461  0.50   24286    3755   22408   104444   4.30
2010-2018       92      0.18459  0.16900  0.50   20531    3470   18796    82036   4.00
2010-2018       93      0.20446  0.18550  0.50   17061    3165   15479    63240   3.71
2010-2018       94      0.22456  0.20189  0.50   13896    2806   12494    47761   3.44
2010-2018       95      0.25225  0.22400  0.50   11091    2484    9849    35268   3.18
2010-2018       96      0.27825  0.24426  0.50    8606    2102    7555    25419   2.95
2010-2018       97      0.30595  0.26536  0.50    6504    1726    5641    17864   2.75
2010-2018       98      0.33524  0.28712  0.50    4778    1372    4092    12222   2.56
2010-2018       99      0.36598  0.30937  0.50    3406    1054    2879     8130   2.39
2010-2018      100      0.39795  0.33191  0.50    2353     781    1962     5251   2.23
2010-2018      101      0.43091  0.35452  0.50    1572     557    1293     3288   2.09
2010-2018      102      0.46458  0.37700  0.50    1015     382     823     1995   1.97
2010-2018      103      0.49865  0.39914  0.50     632     252     506     1172   1.85
2010-2018      104      0.53281  0.42072  0.50     380     160     300      666   1.75
2010-2018      105      0.56671  0.44159  0.50     220      97     171      366   1.67
2010-2018      106      0.60006  0.46157  0.50     123      57      94      195   1.59
2010-2018      107      0.63254  0.48055  0.50      66      32      50      100   1.52
2010-2018      108      0.66389  0.49844  0.50      34      17      26       50   1.46
2010-2018      109      0.69389  0.51516  0.50      17       9      13       24   1.41
2010-2018      110+     0.72235  1.00000  1.38       8       8      12       12   1.38
