New Zealand, Life tables (period 1x10), Total	Last modified: 26 Sep 2017;  Methods Protocol: v6 (2017)

  Year          Age         mx       qx    ax      lx      dx      Lx       Tx     ex
1948-1949        0      0.02941  0.02869  0.14  100000    2869   97534  6887771  68.88
1948-1949        1      0.00440  0.00439  0.50   97131     426   96918  6790237  69.91
1948-1949        2      0.00218  0.00217  0.50   96705     210   96600  6693319  69.21
1948-1949        3      0.00157  0.00157  0.50   96495     151   96419  6596719  68.36
1948-1949        4      0.00129  0.00129  0.50   96343     124   96281  6500300  67.47
1948-1949        5      0.00130  0.00130  0.50   96219     125   96157  6404019  66.56
1948-1949        6      0.00082  0.00082  0.50   96095      79   96055  6307862  65.64
1948-1949        7      0.00067  0.00067  0.50   96016      64   95984  6211806  64.70
1948-1949        8      0.00072  0.00072  0.50   95951      69   95917  6115823  63.74
1948-1949        9      0.00050  0.00050  0.50   95882      48   95858  6019906  62.78
1948-1949       10      0.00081  0.00081  0.50   95834      78   95795  5924048  61.82
1948-1949       11      0.00084  0.00083  0.50   95756      80   95716  5828254  60.87
1948-1949       12      0.00087  0.00087  0.50   95676      83   95635  5732538  59.92
1948-1949       13      0.00099  0.00099  0.50   95593      94   95546  5636903  58.97
1948-1949       14      0.00094  0.00094  0.50   95499      90   95454  5541357  58.03
1948-1949       15      0.00092  0.00092  0.50   95409      88   95365  5445904  57.08
1948-1949       16      0.00140  0.00139  0.50   95321     133   95254  5350539  56.13
1948-1949       17      0.00147  0.00147  0.50   95188     140   95118  5255284  55.21
1948-1949       18      0.00163  0.00163  0.50   95048     155   94970  5160167  54.29
1948-1949       19      0.00176  0.00175  0.50   94893     166   94809  5065196  53.38
1948-1949       20      0.00161  0.00161  0.50   94726     152   94650  4970387  52.47
1948-1949       21      0.00176  0.00175  0.50   94574     166   94491  4875737  51.55
1948-1949       22      0.00195  0.00195  0.50   94408     184   94316  4781246  50.64
1948-1949       23      0.00147  0.00147  0.50   94224     138   94155  4686930  49.74
1948-1949       24      0.00193  0.00193  0.50   94086     182   93995  4592775  48.81
1948-1949       25      0.00175  0.00175  0.50   93904     165   93822  4498779  47.91
1948-1949       26      0.00174  0.00174  0.50   93740     163   93658  4404957  46.99
1948-1949       27      0.00158  0.00158  0.50   93576     148   93502  4311299  46.07
1948-1949       28      0.00177  0.00177  0.50   93429     166   93346  4217797  45.14
1948-1949       29      0.00153  0.00152  0.50   93263     142   93192  4124451  44.22
1948-1949       30      0.00165  0.00164  0.50   93121     153   93044  4031259  43.29
1948-1949       31      0.00165  0.00165  0.50   92968     154   92891  3938215  42.36
1948-1949       32      0.00200  0.00200  0.50   92814     185   92721  3845324  41.43
1948-1949       33      0.00187  0.00187  0.50   92628     173   92542  3752603  40.51
1948-1949       34      0.00188  0.00188  0.50   92455     174   92368  3660061  39.59
1948-1949       35      0.00230  0.00230  0.50   92281     212   92176  3567693  38.66
1948-1949       36      0.00250  0.00250  0.50   92070     230   91955  3475518  37.75
1948-1949       37      0.00193  0.00193  0.50   91840     177   91751  3383563  36.84
1948-1949       38      0.00253  0.00253  0.50   91663     232   91547  3291812  35.91
1948-1949       39      0.00276  0.00276  0.50   91431     252   91305  3200265  35.00
1948-1949       40      0.00268  0.00268  0.50   91179     244   91057  3108960  34.10
1948-1949       41      0.00268  0.00268  0.50   90934     244   90812  3017903  33.19
1948-1949       42      0.00368  0.00367  0.50   90691     333   90524  2927091  32.28
1948-1949       43      0.00354  0.00353  0.50   90358     319   90198  2836567  31.39
1948-1949       44      0.00312  0.00311  0.50   90039     280   89899  2746368  30.50
1948-1949       45      0.00472  0.00471  0.50   89759     423   89548  2656469  29.60
1948-1949       46      0.00426  0.00425  0.50   89336     380   89146  2566922  28.73
1948-1949       47      0.00461  0.00460  0.50   88956     409   88752  2477775  27.85
1948-1949       48      0.00644  0.00641  0.50   88547     568   88263  2389024  26.98
1948-1949       49      0.00624  0.00622  0.50   87979     547   87706  2300760  26.15
1948-1949       50      0.00759  0.00756  0.50   87432     661   87102  2213055  25.31
1948-1949       51      0.00603  0.00601  0.50   86771     522   86510  2125953  24.50
1948-1949       52      0.00885  0.00881  0.50   86249     760   85869  2039443  23.65
1948-1949       53      0.00799  0.00796  0.50   85490     680   85150  1953573  22.85
1948-1949       54      0.01080  0.01075  0.50   84809     911   84354  1868424  22.03
1948-1949       55      0.00879  0.00875  0.50   83898     735   83531  1784070  21.26
1948-1949       56      0.01229  0.01222  0.50   83164    1016   82655  1700539  20.45
1948-1949       57      0.01197  0.01190  0.50   82147     977   81659  1617884  19.69
1948-1949       58      0.01459  0.01448  0.50   81170    1176   80582  1536225  18.93
1948-1949       59      0.01473  0.01462  0.50   79994    1169   79410  1455643  18.20
1948-1949       60      0.01768  0.01753  0.50   78825    1382   78134  1376233  17.46
1948-1949       61      0.01591  0.01578  0.50   77443    1222   76832  1298099  16.76
1948-1949       62      0.01897  0.01879  0.50   76221    1432   75505  1221267  16.02
1948-1949       63      0.02247  0.02222  0.50   74789    1662   73958  1145762  15.32
1948-1949       64      0.02527  0.02495  0.50   73127    1825   72215  1071804  14.66
1948-1949       65      0.03054  0.03008  0.50   71302    2145   70230   999589  14.02
1948-1949       66      0.02689  0.02653  0.50   69158    1835   68241   929359  13.44
1948-1949       67      0.02878  0.02837  0.50   67323    1910   66368   861119  12.79
1948-1949       68      0.03350  0.03295  0.50   65413    2155   64335   794751  12.15
1948-1949       69      0.03660  0.03595  0.50   63258    2274   62121   730415  11.55
1948-1949       70      0.04149  0.04065  0.50   60984    2479   59744   668295  10.96
1948-1949       71      0.03845  0.03772  0.50   58505    2207   57402   608550  10.40
1948-1949       72      0.05039  0.04915  0.50   56298    2767   54915   551149   9.79
1948-1949       73      0.05898  0.05729  0.50   53531    3067   51997   496234   9.27
1948-1949       74      0.06590  0.06380  0.50   50464    3220   48854   444237   8.80
1948-1949       75      0.06123  0.05941  0.50   47244    2807   45841   395383   8.37
1948-1949       76      0.07732  0.07444  0.50   44437    3308   42783   349542   7.87
1948-1949       77      0.08086  0.07772  0.50   41129    3197   39531   306758   7.46
1948-1949       78      0.09768  0.09314  0.50   37933    3533   36166   267227   7.04
1948-1949       79      0.10233  0.09735  0.50   34400    3349   32725   231061   6.72
1948-1949       80      0.09907  0.09440  0.50   31051    2931   29585   198336   6.39
1948-1949       81      0.10190  0.09696  0.50   28120    2727   26757   168750   6.00
1948-1949       82      0.12219  0.11515  0.50   25393    2924   23931   141994   5.59
1948-1949       83      0.13470  0.12620  0.50   22469    2836   21051   118062   5.25
1948-1949       84      0.14903  0.13870  0.50   19634    2723   18272    97011   4.94
1948-1949       85      0.15725  0.14579  0.50   16910    2465   15678    78739   4.66
1948-1949       86      0.18963  0.17321  0.50   14445    2502   13194    63061   4.37
1948-1949       87      0.18222  0.16700  0.50   11943    1995   10946    49867   4.18
1948-1949       88      0.21454  0.19375  0.50    9949    1928    8985    38921   3.91
1948-1949       89      0.21790  0.19649  0.50    8021    1576    7233    29936   3.73
1948-1949       90      0.23397  0.20947  0.50    6445    1350    5770    22703   3.52
1948-1949       91      0.25217  0.22394  0.50    5095    1141    4524    16934   3.32
1948-1949       92      0.27124  0.23885  0.50    3954     944    3482    12409   3.14
1948-1949       93      0.29114  0.25415  0.50    3010     765    2627     8927   2.97
1948-1949       94      0.31183  0.26977  0.50    2245     606    1942     6300   2.81
1948-1949       95      0.33324  0.28565  0.50    1639     468    1405     4358   2.66
1948-1949       96      0.35531  0.30171  0.50    1171     353     994     2953   2.52
1948-1949       97      0.37795  0.31788  0.50     818     260     688     1959   2.40
1948-1949       98      0.40108  0.33408  0.50     558     186     465     1271   2.28
1948-1949       99      0.42460  0.35024  0.50     371     130     306      807   2.17
1948-1949      100      0.44841  0.36628  0.50     241      88     197      500   2.07
1948-1949      101      0.47239  0.38213  0.50     153      58     124      303   1.98
1948-1949      102      0.49645  0.39773  0.50      94      38      76      179   1.90
1948-1949      103      0.52048  0.41300  0.50      57      24      45      104   1.82
1948-1949      104      0.54435  0.42789  0.50      33      14      26       59   1.75
1948-1949      105      0.56798  0.44235  0.50      19       8      15       32   1.69
1948-1949      106      0.59126  0.45635  0.50      11       5       8       17   1.63
1948-1949      107      0.61409  0.46983  0.50       6       3       4        9   1.58
1948-1949      108      0.63640  0.48278  0.50       3       1       2        5   1.53
1948-1949      109      0.65810  0.49517  0.50       2       1       1        2   1.50
1948-1949      110+     0.67914  1.00000  1.47       1       1       1        1   1.47
1950-1959        0      0.02595  0.02538  0.13  100000    2538   97787  7017187  70.17
1950-1959        1      0.00290  0.00289  0.50   97462     282   97321  6919400  71.00
1950-1959        2      0.00153  0.00153  0.50   97180     149   97106  6822078  70.20
1950-1959        3      0.00123  0.00123  0.50   97032     120   96972  6724972  69.31
1950-1959        4      0.00082  0.00082  0.50   96912      79   96872  6628001  68.39
1950-1959        5      0.00070  0.00070  0.50   96833      68   96799  6531129  67.45
1950-1959        6      0.00066  0.00066  0.50   96765      64   96733  6434330  66.49
1950-1959        7      0.00056  0.00056  0.50   96701      54   96674  6337597  65.54
1950-1959        8      0.00055  0.00055  0.50   96646      53   96620  6240924  64.57
1950-1959        9      0.00050  0.00050  0.50   96593      48   96569  6144304  63.61
1950-1959       10      0.00049  0.00049  0.50   96545      48   96522  6047735  62.64
1950-1959       11      0.00051  0.00051  0.50   96498      49   96473  5951213  61.67
1950-1959       12      0.00057  0.00057  0.50   96448      55   96421  5854740  60.70
1950-1959       13      0.00053  0.00053  0.50   96393      51   96368  5758319  59.74
1950-1959       14      0.00061  0.00061  0.50   96342      59   96313  5661951  58.77
1950-1959       15      0.00078  0.00078  0.50   96283      75   96246  5565639  57.80
1950-1959       16      0.00078  0.00078  0.50   96208      75   96171  5469393  56.85
1950-1959       17      0.00100  0.00100  0.50   96134      96   96086  5373222  55.89
1950-1959       18      0.00124  0.00124  0.50   96038     119   95978  5277137  54.95
1950-1959       19      0.00128  0.00128  0.50   95919     123   95857  5181158  54.02
1950-1959       20      0.00149  0.00149  0.50   95796     143   95725  5085301  53.08
1950-1959       21      0.00128  0.00128  0.50   95654     122   95593  4989576  52.16
1950-1959       22      0.00141  0.00141  0.50   95532     135   95464  4893984  51.23
1950-1959       23      0.00141  0.00141  0.50   95397     134   95330  4798520  50.30
1950-1959       24      0.00132  0.00132  0.50   95262     126   95199  4703190  49.37
1950-1959       25      0.00127  0.00127  0.50   95137     121   95076  4607991  48.44
1950-1959       26      0.00130  0.00130  0.50   95016     123   94954  4512914  47.50
1950-1959       27      0.00131  0.00131  0.50   94893     124   94831  4417960  46.56
1950-1959       28      0.00143  0.00143  0.50   94769     136   94701  4323129  45.62
1950-1959       29      0.00133  0.00133  0.50   94633     126   94571  4228428  44.68
1950-1959       30      0.00148  0.00148  0.50   94508     139   94438  4133857  43.74
1950-1959       31      0.00133  0.00132  0.50   94368     125   94306  4039419  42.80
1950-1959       32      0.00144  0.00144  0.50   94243     136   94175  3945113  41.86
1950-1959       33      0.00154  0.00154  0.50   94107     145   94035  3850938  40.92
1950-1959       34      0.00153  0.00153  0.50   93962     143   93891  3756903  39.98
1950-1959       35      0.00179  0.00179  0.50   93819     167   93735  3663012  39.04
1950-1959       36      0.00189  0.00189  0.50   93651     177   93563  3569277  38.11
1950-1959       37      0.00189  0.00189  0.50   93475     177   93386  3475714  37.18
1950-1959       38      0.00225  0.00224  0.50   93298     209   93193  3382328  36.25
1950-1959       39      0.00236  0.00236  0.50   93089     219   92979  3289135  35.33
1950-1959       40      0.00246  0.00246  0.50   92869     228   92755  3196156  34.42
1950-1959       41      0.00228  0.00228  0.50   92641     211   92536  3103400  33.50
1950-1959       42      0.00303  0.00302  0.50   92430     280   92291  3010864  32.57
1950-1959       43      0.00305  0.00305  0.50   92151     281   92010  2918574  31.67
1950-1959       44      0.00333  0.00332  0.50   91870     305   91717  2826563  30.77
1950-1959       45      0.00404  0.00404  0.50   91565     369   91380  2734846  29.87
1950-1959       46      0.00413  0.00412  0.50   91195     375   91008  2643466  28.99
1950-1959       47      0.00470  0.00468  0.50   90820     425   90607  2552458  28.10
1950-1959       48      0.00524  0.00523  0.50   90394     473   90158  2461851  27.23
1950-1959       49      0.00611  0.00609  0.50   89922     548   89648  2371693  26.38
1950-1959       50      0.00625  0.00623  0.50   89374     556   89096  2282045  25.53
1950-1959       51      0.00611  0.00609  0.50   88817     541   88547  2192950  24.69
1950-1959       52      0.00796  0.00792  0.50   88277     700   87927  2104403  23.84
1950-1959       53      0.00853  0.00849  0.50   87577     744   87205  2016476  23.03
1950-1959       54      0.00937  0.00933  0.50   86833     810   86428  1929271  22.22
1950-1959       55      0.00943  0.00939  0.50   86023     808   85619  1842843  21.42
1950-1959       56      0.01145  0.01138  0.50   85216     970   84731  1757223  20.62
1950-1959       57      0.01196  0.01189  0.50   84246    1001   83745  1672493  19.85
1950-1959       58      0.01402  0.01392  0.50   83244    1159   82665  1588748  19.09
1950-1959       59      0.01500  0.01489  0.50   82085    1222   81475  1506083  18.35
1950-1959       60      0.01644  0.01630  0.50   80864    1318   80204  1424608  17.62
1950-1959       61      0.01550  0.01539  0.50   79545    1224   78933  1344404  16.90
1950-1959       62      0.01982  0.01963  0.50   78321    1537   77553  1265471  16.16
1950-1959       63      0.02176  0.02152  0.50   76784    1653   75958  1187918  15.47
1950-1959       64      0.02404  0.02376  0.50   75131    1785   74239  1111960  14.80
1950-1959       65      0.02771  0.02733  0.50   73346    2004   72344  1037721  14.15
1950-1959       66      0.02689  0.02654  0.50   71342    1893   70395   965377  13.53
1950-1959       67      0.03024  0.02979  0.50   69449    2069   68414   894982  12.89
1950-1959       68      0.03247  0.03195  0.50   67380    2153   66303   826567  12.27
1950-1959       69      0.03658  0.03592  0.50   65227    2343   64056   760264  11.66
1950-1959       70      0.03983  0.03905  0.50   62884    2456   61656   696209  11.07
1950-1959       71      0.03970  0.03893  0.50   60428    2352   59252   634552  10.50
1950-1959       72      0.04992  0.04870  0.50   58076    2828   56662   575300   9.91
1950-1959       73      0.05501  0.05354  0.50   55248    2958   53769   518638   9.39
1950-1959       74      0.06160  0.05976  0.50   52290    3125   50727   464870   8.89
1950-1959       75      0.06697  0.06480  0.50   49165    3186   47572   414142   8.42
1950-1959       76      0.07541  0.07267  0.50   45979    3341   44308   366570   7.97
1950-1959       77      0.07541  0.07267  0.50   42638    3099   41088   322262   7.56
1950-1959       78      0.09018  0.08629  0.50   39539    3412   37833   281173   7.11
1950-1959       79      0.09792  0.09335  0.50   36127    3372   34441   243340   6.74
1950-1959       80      0.10231  0.09733  0.50   32755    3188   31161   208899   6.38
1950-1959       81      0.09941  0.09470  0.50   29567    2800   28167   177738   6.01
1950-1959       82      0.11952  0.11278  0.50   26767    3019   25258   149571   5.59
1950-1959       83      0.13072  0.12270  0.50   23748    2914   22291   124313   5.23
1950-1959       84      0.15470  0.14359  0.50   20834    2992   19339   102022   4.90
1950-1959       85      0.16116  0.14914  0.50   17843    2661   16512    82683   4.63
1950-1959       86      0.18236  0.16712  0.50   15182    2537   13913    66171   4.36
1950-1959       87      0.19675  0.17913  0.50   12644    2265   11512    52258   4.13
1950-1959       88      0.19917  0.18113  0.50   10379    1880    9439    40746   3.93
1950-1959       89      0.22816  0.20480  0.50    8499    1741    7629    31307   3.68
1950-1959       90      0.23672  0.21167  0.50    6759    1431    6043    23678   3.50
1950-1959       91      0.23484  0.21017  0.50    5328    1120    4768    17634   3.31
1950-1959       92      0.28226  0.24735  0.50    4208    1041    3688    12866   3.06
1950-1959       93      0.29849  0.25972  0.50    3167     823    2756     9178   2.90
1950-1959       94      0.30313  0.26323  0.50    2345     617    2036     6422   2.74
1950-1959       95      0.34916  0.29727  0.50    1728     514    1471     4386   2.54
1950-1959       96      0.37358  0.31478  0.50    1214     382    1023     2915   2.40
1950-1959       97      0.39870  0.33243  0.50     832     277     694     1892   2.27
1950-1959       98      0.42438  0.35010  0.50     555     194     458     1199   2.16
1950-1959       99      0.45052  0.36769  0.50     361     133     295      740   2.05
1950-1959      100      0.47696  0.38512  0.50     228      88     184      446   1.95
1950-1959      101      0.50357  0.40228  0.50     140      56     112      262   1.86
1950-1959      102      0.53018  0.41909  0.50      84      35      66      150   1.78
1950-1959      103      0.55666  0.43546  0.50      49      21      38       83   1.71
1950-1959      104      0.58285  0.45132  0.50      28      12      21       45   1.64
1950-1959      105      0.60860  0.46661  0.50      15       7      12       24   1.58
1950-1959      106      0.63380  0.48128  0.50       8       4       6       12   1.52
1950-1959      107      0.65831  0.49528  0.50       4       2       3        6   1.48
1950-1959      108      0.68202  0.50859  0.50       2       1       2        3   1.43
1950-1959      109      0.70486  0.52118  0.50       1       1       1        1   1.40
1950-1959      110+     0.72673  1.00000  1.38       0       0       1        1   1.38
1960-1969        0      0.01992  0.01958  0.11  100000    1958   98254  7121367  71.21
1960-1969        1      0.00194  0.00194  0.50   98042     190   97947  7023113  71.63
1960-1969        2      0.00109  0.00109  0.50   97852     106   97799  6925166  70.77
1960-1969        3      0.00082  0.00082  0.50   97746      80   97705  6827367  69.85
1960-1969        4      0.00067  0.00067  0.50   97665      65   97633  6729662  68.91
1960-1969        5      0.00051  0.00051  0.50   97600      49   97576  6632029  67.95
1960-1969        6      0.00047  0.00047  0.50   97551      45   97528  6534454  66.99
1960-1969        7      0.00043  0.00043  0.50   97506      42   97484  6436925  66.02
1960-1969        8      0.00041  0.00041  0.50   97463      40   97443  6339441  65.04
1960-1969        9      0.00036  0.00036  0.50   97423      35   97405  6241998  64.07
1960-1969       10      0.00035  0.00035  0.50   97388      34   97371  6144592  63.09
1960-1969       11      0.00034  0.00034  0.50   97354      33   97338  6047221  62.12
1960-1969       12      0.00039  0.00039  0.50   97321      38   97302  5949884  61.14
1960-1969       13      0.00041  0.00041  0.50   97283      40   97263  5852582  60.16
1960-1969       14      0.00047  0.00047  0.50   97243      46   97220  5755319  59.18
1960-1969       15      0.00060  0.00060  0.50   97197      58   97168  5658098  58.21
1960-1969       16      0.00067  0.00067  0.50   97139      65   97106  5560930  57.25
1960-1969       17      0.00098  0.00098  0.50   97073      95   97026  5463824  56.29
1960-1969       18      0.00110  0.00110  0.50   96978     106   96925  5366799  55.34
1960-1969       19      0.00107  0.00107  0.50   96872     103   96820  5269874  54.40
1960-1969       20      0.00114  0.00114  0.50   96768     111   96713  5173054  53.46
1960-1969       21      0.00110  0.00110  0.50   96658     107   96604  5076341  52.52
1960-1969       22      0.00107  0.00107  0.50   96551     103   96499  4979736  51.58
1960-1969       23      0.00108  0.00108  0.50   96448     105   96396  4883237  50.63
1960-1969       24      0.00095  0.00095  0.50   96343      92   96297  4786841  49.69
1960-1969       25      0.00092  0.00092  0.50   96252      89   96207  4690544  48.73
1960-1969       26      0.00107  0.00107  0.50   96163     103   96112  4594337  47.78
1960-1969       27      0.00105  0.00105  0.50   96060     101   96010  4498225  46.83
1960-1969       28      0.00106  0.00106  0.50   95959     102   95908  4402215  45.88
1960-1969       29      0.00111  0.00111  0.50   95857     106   95804  4306307  44.92
1960-1969       30      0.00116  0.00116  0.50   95751     111   95695  4210503  43.97
1960-1969       31      0.00109  0.00109  0.50   95640     104   95588  4114808  43.02
1960-1969       32      0.00126  0.00126  0.50   95536     120   95476  4019220  42.07
1960-1969       33      0.00146  0.00146  0.50   95416     139   95346  3923744  41.12
1960-1969       34      0.00154  0.00154  0.50   95277     146   95204  3828398  40.18
1960-1969       35      0.00150  0.00149  0.50   95130     142   95059  3733195  39.24
1960-1969       36      0.00174  0.00174  0.50   94988     165   94906  3638135  38.30
1960-1969       37      0.00173  0.00173  0.50   94823     164   94741  3543230  37.37
1960-1969       38      0.00198  0.00198  0.50   94659     188   94566  3448488  36.43
1960-1969       39      0.00229  0.00229  0.50   94472     216   94364  3353923  35.50
1960-1969       40      0.00234  0.00234  0.50   94256     220   94145  3259559  34.58
1960-1969       41      0.00235  0.00235  0.50   94035     221   93925  3165414  33.66
1960-1969       42      0.00289  0.00288  0.50   93815     270   93679  3071489  32.74
1960-1969       43      0.00305  0.00304  0.50   93544     284   93402  2977809  31.83
1960-1969       44      0.00333  0.00333  0.50   93260     310   93105  2884407  30.93
1960-1969       45      0.00386  0.00385  0.50   92949     358   92770  2791302  30.03
1960-1969       46      0.00416  0.00415  0.50   92591     384   92399  2698532  29.14
1960-1969       47      0.00469  0.00468  0.50   92207     432   91991  2606133  28.26
1960-1969       48      0.00540  0.00539  0.50   91775     494   91528  2514141  27.39
1960-1969       49      0.00588  0.00586  0.50   91281     535   91014  2422613  26.54
1960-1969       50      0.00603  0.00601  0.50   90746     545   90474  2331599  25.69
1960-1969       51      0.00631  0.00629  0.50   90201     568   89917  2241126  24.85
1960-1969       52      0.00758  0.00756  0.50   89633     677   89295  2151209  24.00
1960-1969       53      0.00843  0.00839  0.50   88956     746   88583  2061914  23.18
1960-1969       54      0.00921  0.00917  0.50   88210     809   87806  1973331  22.37
1960-1969       55      0.00969  0.00965  0.50   87401     843   86980  1885525  21.57
1960-1969       56      0.01110  0.01104  0.50   86558     956   86080  1798545  20.78
1960-1969       57      0.01188  0.01181  0.50   85602    1011   85097  1712465  20.00
1960-1969       58      0.01365  0.01356  0.50   84592    1147   84018  1627368  19.24
1960-1969       59      0.01522  0.01511  0.50   83445    1260   82814  1543350  18.50
1960-1969       60      0.01621  0.01608  0.50   82184    1322   81523  1460536  17.77
1960-1969       61      0.01639  0.01626  0.50   80863    1314   80205  1379013  17.05
1960-1969       62      0.01956  0.01937  0.50   79548    1541   78778  1298807  16.33
1960-1969       63      0.02174  0.02151  0.50   78007    1678   77168  1220030  15.64
1960-1969       64      0.02353  0.02326  0.50   76329    1775   75442  1142861  14.97
1960-1969       65      0.02727  0.02690  0.50   74554    2005   73552  1067419  14.32
1960-1969       66      0.02549  0.02517  0.50   72549    1826   71636   993868  13.70
1960-1969       67      0.02940  0.02898  0.50   70723    2049   69698   922232  13.04
1960-1969       68      0.03365  0.03309  0.50   68674    2273   67537   852534  12.41
1960-1969       69      0.03554  0.03492  0.50   66401    2319   65241   784997  11.82
1960-1969       70      0.03935  0.03859  0.50   64082    2473   62846   719755  11.23
1960-1969       71      0.03912  0.03837  0.50   61609    2364   60427   656910  10.66
1960-1969       72      0.04693  0.04585  0.50   59245    2717   57887   596483  10.07
1960-1969       73      0.05308  0.05171  0.50   56529    2923   55067   538596   9.53
1960-1969       74      0.05879  0.05711  0.50   53606    3061   52075   483529   9.02
1960-1969       75      0.06600  0.06389  0.50   50544    3229   48930   431454   8.54
1960-1969       76      0.07247  0.06994  0.50   47315    3309   45660   382524   8.08
1960-1969       77      0.07264  0.07010  0.50   44006    3085   42464   336864   7.65
1960-1969       78      0.08618  0.08262  0.50   40921    3381   39231   294400   7.19
1960-1969       79      0.09539  0.09104  0.50   37540    3418   35832   255169   6.80
1960-1969       80      0.10025  0.09547  0.50   34123    3258   32494   219338   6.43
1960-1969       81      0.09735  0.09283  0.50   30865    2865   29432   186844   6.05
1960-1969       82      0.11640  0.10999  0.50   28000    3080   26460   157412   5.62
1960-1969       83      0.13060  0.12260  0.50   24920    3055   23392   130952   5.25
1960-1969       84      0.14969  0.13927  0.50   21865    3045   20342   107559   4.92
1960-1969       85      0.15919  0.14745  0.50   18820    2775   17432    87217   4.63
1960-1969       86      0.18083  0.16583  0.50   16045    2661   14714    69785   4.35
1960-1969       87      0.19051  0.17394  0.50   13384    2328   12220    55070   4.11
1960-1969       88      0.20235  0.18375  0.50   11056    2032   10040    42850   3.88
1960-1969       89      0.23064  0.20680  0.50    9024    1866    8091    32810   3.64
1960-1969       90      0.24107  0.21514  0.50    7158    1540    6388    24719   3.45
1960-1969       91      0.23681  0.21174  0.50    5618    1190    5023    18331   3.26
1960-1969       92      0.28587  0.25012  0.50    4429    1108    3875    13307   3.00
1960-1969       93      0.30283  0.26301  0.50    3321     873    2884     9432   2.84
1960-1969       94      0.31863  0.27484  0.50    2447     673    2111     6548   2.68
1960-1969       95      0.35449  0.30112  0.50    1775     534    1508     4437   2.50
1960-1969       96      0.37988  0.31924  0.50    1240     396    1042     2930   2.36
1960-1969       97      0.40599  0.33748  0.50     844     285     702     1887   2.23
1960-1969       98      0.43267  0.35572  0.50     559     199     460     1185   2.12
1960-1969       99      0.45980  0.37385  0.50     360     135     293      725   2.01
1960-1969      100      0.48721  0.39177  0.50     226      88     181      432   1.92
1960-1969      101      0.51473  0.40937  0.50     137      56     109      251   1.83
1960-1969      102      0.54221  0.42657  0.50      81      35      64      142   1.75
1960-1969      103      0.56948  0.44326  0.50      46      21      36       78   1.67
1960-1969      104      0.59637  0.45939  0.50      26      12      20       42   1.61
1960-1969      105      0.62273  0.47487  0.50      14       7      11       22   1.55
1960-1969      106      0.64842  0.48967  0.50       7       4       6       11   1.49
1960-1969      107      0.67332  0.50373  0.50       4       2       3        5   1.44
1960-1969      108      0.69731  0.51704  0.50       2       1       1        3   1.40
1960-1969      109      0.72031  0.52958  0.50       1       0       1        1   1.37
1960-1969      110+     0.74223  1.00000  1.35       0       0       1        1   1.35
1970-1979        0      0.01530  0.01510  0.12  100000    1510   98668  7211968  72.12
1970-1979        1      0.00145  0.00145  0.50   98490     143   98419  7113300  72.22
1970-1979        2      0.00083  0.00083  0.50   98348      82   98307  7014881  71.33
1970-1979        3      0.00067  0.00067  0.50   98266      66   98233  6916574  70.39
1970-1979        4      0.00056  0.00056  0.50   98200      55   98173  6818341  69.43
1970-1979        5      0.00045  0.00045  0.50   98145      44   98123  6720169  68.47
1970-1979        6      0.00043  0.00043  0.50   98101      42   98080  6622045  67.50
1970-1979        7      0.00037  0.00037  0.50   98059      36   98041  6523965  66.53
1970-1979        8      0.00035  0.00035  0.50   98023      34   98006  6425924  65.56
1970-1979        9      0.00033  0.00033  0.50   97989      33   97973  6327918  64.58
1970-1979       10      0.00028  0.00028  0.50   97956      28   97943  6229945  63.60
1970-1979       11      0.00032  0.00032  0.50   97929      32   97913  6132003  62.62
1970-1979       12      0.00033  0.00033  0.50   97897      32   97881  6034090  61.64
1970-1979       13      0.00045  0.00045  0.50   97865      44   97843  5936209  60.66
1970-1979       14      0.00046  0.00046  0.50   97821      45   97799  5838366  59.68
1970-1979       15      0.00063  0.00063  0.50   97776      61   97746  5740567  58.71
1970-1979       16      0.00094  0.00094  0.50   97715      92   97669  5642821  57.75
1970-1979       17      0.00122  0.00122  0.50   97623     119   97564  5545152  56.80
1970-1979       18      0.00144  0.00144  0.50   97504     141   97434  5447588  55.87
1970-1979       19      0.00134  0.00134  0.50   97364     130   97298  5350154  54.95
1970-1979       20      0.00132  0.00132  0.50   97233     128   97169  5252856  54.02
1970-1979       21      0.00131  0.00131  0.50   97105     127   97042  5155687  53.09
1970-1979       22      0.00116  0.00116  0.50   96978     112   96922  5058645  52.16
1970-1979       23      0.00105  0.00105  0.50   96866     102   96815  4961723  51.22
1970-1979       24      0.00101  0.00101  0.50   96764      97   96715  4864908  50.28
1970-1979       25      0.00105  0.00105  0.50   96667     101   96616  4768193  49.33
1970-1979       26      0.00101  0.00101  0.50   96566      98   96517  4671577  48.38
1970-1979       27      0.00096  0.00096  0.50   96468      92   96422  4575060  47.43
1970-1979       28      0.00101  0.00101  0.50   96376      98   96327  4478638  46.47
1970-1979       29      0.00107  0.00107  0.50   96278     103   96227  4382311  45.52
1970-1979       30      0.00107  0.00107  0.50   96175     103   96124  4286085  44.57
1970-1979       31      0.00104  0.00104  0.50   96072     100   96023  4189961  43.61
1970-1979       32      0.00116  0.00116  0.50   95973     111   95917  4093938  42.66
1970-1979       33      0.00121  0.00121  0.50   95861     116   95803  3998021  41.71
1970-1979       34      0.00129  0.00129  0.50   95745     123   95684  3902217  40.76
1970-1979       35      0.00136  0.00136  0.50   95622     130   95557  3806534  39.81
1970-1979       36      0.00158  0.00158  0.50   95492     150   95417  3710977  38.86
1970-1979       37      0.00171  0.00171  0.50   95341     163   95260  3615560  37.92
1970-1979       38      0.00197  0.00197  0.50   95178     187   95085  3520301  36.99
1970-1979       39      0.00200  0.00199  0.50   94991     189   94896  3425216  36.06
1970-1979       40      0.00234  0.00234  0.50   94802     222   94691  3330320  35.13
1970-1979       41      0.00241  0.00241  0.50   94580     228   94466  3235629  34.21
1970-1979       42      0.00275  0.00274  0.50   94352     259   94223  3141162  33.29
1970-1979       43      0.00313  0.00312  0.50   94093     294   93947  3046939  32.38
1970-1979       44      0.00336  0.00335  0.50   93800     314   93643  2952993  31.48
1970-1979       45      0.00379  0.00378  0.50   93485     354   93309  2859350  30.59
1970-1979       46      0.00420  0.00419  0.50   93132     390   92937  2766042  29.70
1970-1979       47      0.00454  0.00453  0.50   92742     420   92532  2673105  28.82
1970-1979       48      0.00521  0.00520  0.50   92322     480   92082  2580572  27.95
1970-1979       49      0.00569  0.00568  0.50   91842     521   91582  2488490  27.10
1970-1979       50      0.00605  0.00604  0.50   91321     551   91045  2396909  26.25
1970-1979       51      0.00625  0.00623  0.50   90770     566   90487  2305863  25.40
1970-1979       52      0.00740  0.00737  0.50   90204     665   89871  2215377  24.56
1970-1979       53      0.00788  0.00785  0.50   89539     703   89187  2125505  23.74
1970-1979       54      0.00892  0.00888  0.50   88836     789   88441  2036318  22.92
1970-1979       55      0.00944  0.00940  0.50   88047     827   87633  1947876  22.12
1970-1979       56      0.01057  0.01051  0.50   87220     917   86761  1860243  21.33
1970-1979       57      0.01135  0.01128  0.50   86303     974   85816  1773482  20.55
1970-1979       58      0.01280  0.01272  0.50   85329    1085   84786  1687666  19.78
1970-1979       59      0.01405  0.01395  0.50   84244    1175   83656  1602879  19.03
1970-1979       60      0.01560  0.01548  0.50   83068    1286   82426  1519223  18.29
1970-1979       61      0.01611  0.01598  0.50   81783    1307   81129  1436798  17.57
1970-1979       62      0.01838  0.01821  0.50   80476    1466   79743  1355668  16.85
1970-1979       63      0.02049  0.02028  0.50   79010    1602   78209  1275925  16.15
1970-1979       64      0.02284  0.02259  0.50   77408    1748   76534  1197716  15.47
1970-1979       65      0.02505  0.02474  0.50   75660    1872   74724  1121182  14.82
1970-1979       66      0.02555  0.02523  0.50   73788    1862   72857  1046458  14.18
1970-1979       67      0.02762  0.02724  0.50   71926    1959   70947   973600  13.54
1970-1979       68      0.03099  0.03051  0.50   69967    2135   68899   902654  12.90
1970-1979       69      0.03453  0.03394  0.50   67832    2302   66681   833754  12.29
1970-1979       70      0.03687  0.03620  0.50   65530    2372   64343   767074  11.71
1970-1979       71      0.03973  0.03896  0.50   63157    2461   61927   702730  11.13
1970-1979       72      0.04558  0.04456  0.50   60697    2705   59344   640803  10.56
1970-1979       73      0.05131  0.05003  0.50   57992    2901   56542   581459  10.03
1970-1979       74      0.05644  0.05489  0.50   55091    3024   53579   524917   9.53
1970-1979       75      0.05955  0.05783  0.50   52067    3011   50561   471338   9.05
1970-1979       76      0.06529  0.06323  0.50   49056    3102   47505   420777   8.58
1970-1979       77      0.06765  0.06544  0.50   45954    3007   44450   373272   8.12
1970-1979       78      0.07783  0.07491  0.50   42947    3217   41338   328822   7.66
1970-1979       79      0.08558  0.08206  0.50   39729    3260   38099   287484   7.24
1970-1979       80      0.08931  0.08550  0.50   36469    3118   34910   249385   6.84
1970-1979       81      0.09191  0.08787  0.50   33351    2931   31886   214475   6.43
1970-1979       82      0.10811  0.10257  0.50   30420    3120   28860   182589   6.00
1970-1979       83      0.12014  0.11333  0.50   27300    3094   25753   153729   5.63
1970-1979       84      0.13528  0.12671  0.50   24206    3067   22673   127975   5.29
1970-1979       85      0.13983  0.13069  0.50   21139    2763   19758   105303   4.98
1970-1979       86      0.16504  0.15246  0.50   18376    2802   16976    85545   4.66
1970-1979       87      0.17079  0.15735  0.50   15575    2451   14349    68569   4.40
1970-1979       88      0.18560  0.16984  0.50   13124    2229   12010    54220   4.13
1970-1979       89      0.20775  0.18820  0.50   10895    2050    9870    42210   3.87
1970-1979       90      0.22273  0.20041  0.50    8845    1773    7958    32341   3.66
1970-1979       91      0.23176  0.20769  0.50    7072    1469    6338    24382   3.45
1970-1979       92      0.25740  0.22805  0.50    5603    1278    4964    18045   3.22
1970-1979       93      0.27921  0.24500  0.50    4325    1060    3796    13080   3.02
1970-1979       94      0.29227  0.25500  0.50    3266     833    2849     9285   2.84
1970-1979       95      0.33040  0.28356  0.50    2433     690    2088     6435   2.65
1970-1979       96      0.35517  0.30161  0.50    1743     526    1480     4347   2.49
1970-1979       97      0.38079  0.31988  0.50    1217     389    1023     2867   2.36
1970-1979       98      0.40715  0.33828  0.50     828     280     688     1844   2.23
1970-1979       99      0.43411  0.35669  0.50     548     195     450     1157   2.11
1970-1979      100      0.46153  0.37499  0.50     352     132     286      706   2.00
1970-1979      101      0.48923  0.39308  0.50     220      87     177      420   1.91
1970-1979      102      0.51706  0.41085  0.50     134      55     106      243   1.82
1970-1979      103      0.54484  0.42819  0.50      79      34      62      137   1.74
1970-1979      104      0.57239  0.44503  0.50      45      20      35       75   1.66
1970-1979      105      0.59955  0.46127  0.50      25      12      19       40   1.60
1970-1979      106      0.62615  0.47686  0.50      13       6      10       21   1.54
1970-1979      107      0.65205  0.49173  0.50       7       3       5       10   1.49
1970-1979      108      0.67713  0.50586  0.50       4       2       3        5   1.44
1970-1979      109      0.70126  0.51921  0.50       2       1       1        2   1.40
1970-1979      110+     0.72435  1.00000  1.38       1       1       1        1   1.38
1980-1989        0      0.01147  0.01136  0.13  100000    1136   99007  7400821  74.01
1980-1989        1      0.00093  0.00093  0.50   98864      92   98818  7301814  73.86
1980-1989        2      0.00068  0.00068  0.50   98773      67   98739  7202996  72.93
1980-1989        3      0.00047  0.00047  0.50   98706      46   98682  7104257  71.97
1980-1989        4      0.00038  0.00038  0.50   98659      38   98640  7005574  71.01
1980-1989        5      0.00035  0.00035  0.50   98622      35   98604  6906934  70.03
1980-1989        6      0.00034  0.00034  0.50   98587      33   98570  6808330  69.06
1980-1989        7      0.00024  0.00024  0.50   98553      24   98541  6709760  68.08
1980-1989        8      0.00026  0.00026  0.50   98529      26   98516  6611218  67.10
1980-1989        9      0.00025  0.00025  0.50   98504      25   98491  6512702  66.12
1980-1989       10      0.00023  0.00023  0.50   98479      22   98468  6414211  65.13
1980-1989       11      0.00026  0.00026  0.50   98457      25   98444  6315743  64.15
1980-1989       12      0.00026  0.00026  0.50   98432      25   98419  6217299  63.16
1980-1989       13      0.00032  0.00032  0.50   98406      32   98390  6118880  62.18
1980-1989       14      0.00044  0.00043  0.50   98374      43   98353  6020489  61.20
1980-1989       15      0.00067  0.00067  0.50   98332      66   98299  5922136  60.23
1980-1989       16      0.00078  0.00078  0.50   98266      76   98227  5823838  59.27
1980-1989       17      0.00108  0.00108  0.50   98189     106   98136  5725610  58.31
1980-1989       18      0.00123  0.00123  0.50   98084     120   98023  5627474  57.37
1980-1989       19      0.00126  0.00126  0.50   97963     124   97902  5529451  56.44
1980-1989       20      0.00130  0.00130  0.50   97840     128   97776  5431549  55.51
1980-1989       21      0.00137  0.00137  0.50   97712     133   97646  5333773  54.59
1980-1989       22      0.00120  0.00119  0.50   97579     117   97520  5236127  53.66
1980-1989       23      0.00123  0.00123  0.50   97462     120   97402  5138607  52.72
1980-1989       24      0.00113  0.00113  0.50   97342     110   97287  5041205  51.79
1980-1989       25      0.00109  0.00109  0.50   97233     106   97180  4943917  50.85
1980-1989       26      0.00102  0.00102  0.50   97127     100   97077  4846737  49.90
1980-1989       27      0.00113  0.00113  0.50   97028     110   96973  4749660  48.95
1980-1989       28      0.00096  0.00096  0.50   96918      93   96871  4652688  48.01
1980-1989       29      0.00096  0.00096  0.50   96825      93   96778  4555816  47.05
1980-1989       30      0.00109  0.00109  0.50   96732     106   96679  4459038  46.10
1980-1989       31      0.00104  0.00104  0.50   96626     100   96576  4362359  45.15
1980-1989       32      0.00100  0.00100  0.50   96526      97   96477  4265783  44.19
1980-1989       33      0.00111  0.00110  0.50   96429     106   96376  4169306  43.24
1980-1989       34      0.00120  0.00120  0.50   96322     115   96265  4072931  42.28
1980-1989       35      0.00121  0.00121  0.50   96207     116   96149  3976666  41.33
1980-1989       36      0.00124  0.00124  0.50   96091     119   96032  3880517  40.38
1980-1989       37      0.00131  0.00131  0.50   95972     125   95909  3784485  39.43
1980-1989       38      0.00152  0.00152  0.50   95847     146   95774  3688576  38.48
1980-1989       39      0.00149  0.00149  0.50   95701     143   95629  3592802  37.54
1980-1989       40      0.00173  0.00173  0.50   95558     165   95476  3497173  36.60
1980-1989       41      0.00183  0.00183  0.50   95393     174   95306  3401697  35.66
1980-1989       42      0.00207  0.00207  0.50   95219     197   95120  3306391  34.72
1980-1989       43      0.00249  0.00249  0.50   95021     236   94903  3211271  33.80
1980-1989       44      0.00261  0.00261  0.50   94785     247   94661  3116368  32.88
1980-1989       45      0.00287  0.00287  0.50   94538     271   94402  3021707  31.96
1980-1989       46      0.00321  0.00321  0.50   94267     303   94116  2927304  31.05
1980-1989       47      0.00361  0.00360  0.50   93964     338   93795  2833189  30.15
1980-1989       48      0.00404  0.00403  0.50   93626     378   93437  2739393  29.26
1980-1989       49      0.00444  0.00443  0.50   93248     413   93042  2645956  28.38
1980-1989       50      0.00503  0.00502  0.50   92835     466   92602  2552915  27.50
1980-1989       51      0.00526  0.00525  0.50   92370     485   92127  2460312  26.64
1980-1989       52      0.00616  0.00614  0.50   91885     564   91602  2368185  25.77
1980-1989       53      0.00670  0.00667  0.50   91320     609   91016  2276583  24.93
1980-1989       54      0.00737  0.00734  0.50   90711     666   90378  2185567  24.09
1980-1989       55      0.00790  0.00787  0.50   90045     709   89691  2095189  23.27
1980-1989       56      0.00912  0.00907  0.50   89336     811   88931  2005498  22.45
1980-1989       57      0.01015  0.01010  0.50   88526     894   88078  1916567  21.65
1980-1989       58      0.01093  0.01087  0.50   87631     953   87155  1828489  20.87
1980-1989       59      0.01176  0.01169  0.50   86679    1013   86172  1741334  20.09
1980-1989       60      0.01338  0.01329  0.50   85665    1139   85096  1655162  19.32
1980-1989       61      0.01407  0.01398  0.50   84527    1181   83936  1570066  18.57
1980-1989       62      0.01591  0.01579  0.50   83345    1316   82687  1486130  17.83
1980-1989       63      0.01744  0.01729  0.50   82030    1418   81320  1403443  17.11
1980-1989       64      0.01870  0.01853  0.50   80611    1493   79864  1322122  16.40
1980-1989       65      0.02084  0.02063  0.50   79118    1632   78302  1242258  15.70
1980-1989       66      0.02268  0.02242  0.50   77486    1738   76617  1163956  15.02
1980-1989       67      0.02532  0.02500  0.50   75748    1894   74801  1087339  14.35
1980-1989       68      0.02774  0.02736  0.50   73855    2021   72844  1012538  13.71
1980-1989       69      0.02942  0.02900  0.50   71834    2083   70792   939694  13.08
1980-1989       70      0.03212  0.03161  0.50   69751    2205   68648   868901  12.46
1980-1989       71      0.03570  0.03507  0.50   67546    2369   66362   800253  11.85
1980-1989       72      0.04049  0.03968  0.50   65177    2586   63884   733891  11.26
1980-1989       73      0.04327  0.04236  0.50   62591    2651   61265   670007  10.70
1980-1989       74      0.04778  0.04667  0.50   59940    2797   58541   608742  10.16
1980-1989       75      0.05312  0.05175  0.50   57142    2957   55664   550201   9.63
1980-1989       76      0.05811  0.05647  0.50   54185    3060   52656   494537   9.13
1980-1989       77      0.06247  0.06058  0.50   51126    3097   49577   441881   8.64
1980-1989       78      0.06829  0.06604  0.50   48028    3172   46443   392304   8.17
1980-1989       79      0.07379  0.07116  0.50   44857    3192   43261   345862   7.71
1980-1989       80      0.08492  0.08146  0.50   41665    3394   39968   302601   7.26
1980-1989       81      0.08936  0.08554  0.50   38271    3274   36634   262634   6.86
1980-1989       82      0.10004  0.09527  0.50   34997    3334   33330   226000   6.46
1980-1989       83      0.10785  0.10233  0.50   31663    3240   30043   192670   6.09
1980-1989       84      0.11749  0.11097  0.50   28423    3154   26845   162628   5.72
1980-1989       85      0.13023  0.12227  0.50   25268    3090   23724   135782   5.37
1980-1989       86      0.13896  0.12993  0.50   22179    2882   20738   112059   5.05
1980-1989       87      0.15672  0.14533  0.50   19297    2805   17895    91321   4.73
1980-1989       88      0.17069  0.15726  0.50   16492    2594   15196    73426   4.45
1980-1989       89      0.17920  0.16447  0.50   13899    2286   12756    58230   4.19
1980-1989       90      0.20337  0.18460  0.50   11613    2144   10541    45475   3.92
1980-1989       91      0.21160  0.19136  0.50    9469    1812    8563    34933   3.69
1980-1989       92      0.23841  0.21301  0.50    7657    1631    6842    26370   3.44
1980-1989       93      0.25863  0.22902  0.50    6026    1380    5336    19529   3.24
1980-1989       94      0.27898  0.24483  0.50    4646    1137    4077    14193   3.05
1980-1989       95      0.29751  0.25898  0.50    3509     909    3054    10115   2.88
1980-1989       96      0.32043  0.27618  0.50    2600     718    2241     7061   2.72
1980-1989       97      0.34436  0.29378  0.50    1882     553    1605     4820   2.56
1980-1989       98      0.36921  0.31167  0.50    1329     414    1122     3215   2.42
1980-1989       99      0.39486  0.32976  0.50     915     302     764     2093   2.29
1980-1989      100      0.42120  0.34793  0.50     613     213     506     1329   2.17
1980-1989      101      0.44808  0.36607  0.50     400     146     327      822   2.06
1980-1989      102      0.47535  0.38407  0.50     253      97     205      496   1.96
1980-1989      103      0.50284  0.40181  0.50     156      63     125      291   1.86
1980-1989      104      0.53038  0.41921  0.50      93      39      74      166   1.78
1980-1989      105      0.55780  0.43616  0.50      54      24      42       92   1.70
1980-1989      106      0.58493  0.45257  0.50      31      14      24       50   1.64
1980-1989      107      0.61161  0.46838  0.50      17       8      13       26   1.58
1980-1989      108      0.63768  0.48351  0.50       9       4       7       14   1.52
1980-1989      109      0.66300  0.49793  0.50       5       2       3        7   1.48
1980-1989      110+     0.68746  1.00000  1.45       2       2       3        3   1.45
1990-1999        0      0.00695  0.00691  0.13  100000     691   99402  7683543  76.84
1990-1999        1      0.00068  0.00068  0.50   99309      67   99275  7584141  76.37
1990-1999        2      0.00041  0.00041  0.50   99242      41   99221  7484866  75.42
1990-1999        3      0.00031  0.00031  0.50   99201      31   99185  7385644  74.45
1990-1999        4      0.00027  0.00027  0.50   99170      27   99156  7286459  73.47
1990-1999        5      0.00021  0.00021  0.50   99143      21   99132  7187303  72.49
1990-1999        6      0.00020  0.00020  0.50   99122      19   99112  7088170  71.51
1990-1999        7      0.00021  0.00021  0.50   99103      21   99092  6989058  70.52
1990-1999        8      0.00018  0.00018  0.50   99082      18   99073  6889966  69.54
1990-1999        9      0.00015  0.00015  0.50   99064      15   99056  6790893  68.55
1990-1999       10      0.00017  0.00017  0.50   99049      17   99041  6691836  67.56
1990-1999       11      0.00021  0.00021  0.50   99032      21   99022  6592796  66.57
1990-1999       12      0.00021  0.00021  0.50   99012      21   99001  6493774  65.59
1990-1999       13      0.00025  0.00025  0.50   98990      24   98978  6394773  64.60
1990-1999       14      0.00036  0.00036  0.50   98966      35   98948  6295795  63.62
1990-1999       15      0.00048  0.00048  0.50   98931      48   98907  6196847  62.64
1990-1999       16      0.00077  0.00077  0.50   98883      77   98845  6097940  61.67
1990-1999       17      0.00088  0.00088  0.50   98806      87   98763  5999095  60.72
1990-1999       18      0.00102  0.00102  0.50   98720     101   98669  5900333  59.77
1990-1999       19      0.00110  0.00110  0.50   98619     109   98564  5801663  58.83
1990-1999       20      0.00111  0.00111  0.50   98510     109   98455  5703099  57.89
1990-1999       21      0.00103  0.00103  0.50   98401     101   98350  5604644  56.96
1990-1999       22      0.00103  0.00103  0.50   98300     102   98249  5506294  56.02
1990-1999       23      0.00101  0.00101  0.50   98198      99   98148  5408045  55.07
1990-1999       24      0.00107  0.00107  0.50   98099     105   98046  5309896  54.13
1990-1999       25      0.00105  0.00105  0.50   97994     103   97943  5211850  53.19
1990-1999       26      0.00097  0.00097  0.50   97891      95   97844  5113907  52.24
1990-1999       27      0.00096  0.00096  0.50   97796      94   97749  5016064  51.29
1990-1999       28      0.00095  0.00095  0.50   97702      93   97656  4918314  50.34
1990-1999       29      0.00094  0.00094  0.50   97610      92   97564  4820658  49.39
1990-1999       30      0.00095  0.00095  0.50   97518      92   97472  4723095  48.43
1990-1999       31      0.00092  0.00092  0.50   97425      90   97380  4625623  47.48
1990-1999       32      0.00097  0.00097  0.50   97336      94   97289  4528243  46.52
1990-1999       33      0.00096  0.00096  0.50   97242      93   97195  4430954  45.57
1990-1999       34      0.00108  0.00108  0.50   97148     105   97096  4333759  44.61
1990-1999       35      0.00107  0.00107  0.50   97044     104   96992  4236664  43.66
1990-1999       36      0.00107  0.00107  0.50   96940     104   96888  4139672  42.70
1990-1999       37      0.00122  0.00122  0.50   96836     118   96777  4042784  41.75
1990-1999       38      0.00128  0.00128  0.50   96718     124   96656  3946008  40.80
1990-1999       39      0.00133  0.00132  0.50   96594     128   96530  3849352  39.85
1990-1999       40      0.00148  0.00148  0.50   96466     143   96394  3752822  38.90
1990-1999       41      0.00155  0.00154  0.50   96323     149   96248  3656428  37.96
1990-1999       42      0.00176  0.00176  0.50   96174     169   96089  3560179  37.02
1990-1999       43      0.00186  0.00185  0.50   96005     178   95916  3464090  36.08
1990-1999       44      0.00194  0.00194  0.50   95827     186   95733  3368175  35.15
1990-1999       45      0.00213  0.00212  0.50   95640     203   95539  3272441  34.22
1990-1999       46      0.00246  0.00245  0.50   95437     234   95320  3176902  33.29
1990-1999       47      0.00260  0.00260  0.50   95203     247   95080  3081582  32.37
1990-1999       48      0.00297  0.00296  0.50   94956     281   94815  2986502  31.45
1990-1999       49      0.00325  0.00324  0.50   94675     307   94521  2891687  30.54
1990-1999       50      0.00356  0.00355  0.50   94368     335   94200  2797165  29.64
1990-1999       51      0.00398  0.00397  0.50   94033     374   93846  2702965  28.74
1990-1999       52      0.00457  0.00456  0.50   93659     427   93446  2609119  27.86
1990-1999       53      0.00501  0.00500  0.50   93232     466   92999  2515673  26.98
1990-1999       54      0.00580  0.00579  0.50   92766     537   92498  2422674  26.12
1990-1999       55      0.00606  0.00604  0.50   92229     557   91950  2330177  25.27
1990-1999       56      0.00681  0.00679  0.50   91672     622   91361  2238226  24.42
1990-1999       57      0.00729  0.00727  0.50   91049     662   90718  2146866  23.58
1990-1999       58      0.00804  0.00800  0.50   90388     723   90026  2056147  22.75
1990-1999       59      0.00930  0.00925  0.50   89664     830   89249  1966122  21.93
1990-1999       60      0.01026  0.01020  0.50   88834     906   88381  1876872  21.13
1990-1999       61      0.01066  0.01061  0.50   87928     933   87462  1788491  20.34
1990-1999       62      0.01216  0.01209  0.50   86995    1051   86470  1701030  19.55
1990-1999       63      0.01346  0.01337  0.50   85944    1149   85370  1614560  18.79
1990-1999       64      0.01505  0.01494  0.50   84795    1266   84162  1529190  18.03
1990-1999       65      0.01652  0.01639  0.50   83529    1369   82844  1445029  17.30
1990-1999       66      0.01771  0.01756  0.50   82160    1442   81439  1362184  16.58
1990-1999       67      0.01940  0.01921  0.50   80717    1551   79942  1280746  15.87
1990-1999       68      0.02105  0.02083  0.50   79167    1649   78342  1200804  15.17
1990-1999       69      0.02366  0.02338  0.50   77518    1812   76611  1122462  14.48
1990-1999       70      0.02587  0.02554  0.50   75705    1934   74738  1045851  13.81
1990-1999       71      0.02766  0.02728  0.50   73771    2013   72765   971112  13.16
1990-1999       72      0.03064  0.03018  0.50   71759    2166   70676   898347  12.52
1990-1999       73      0.03388  0.03332  0.50   69593    2319   68434   827671  11.89
1990-1999       74      0.03705  0.03638  0.50   67274    2447   66051   759238  11.29
1990-1999       75      0.04156  0.04071  0.50   64827    2639   63507   693187  10.69
1990-1999       76      0.04441  0.04345  0.50   62188    2702   60837   629680  10.13
1990-1999       77      0.04830  0.04716  0.50   59486    2805   58083   568843   9.56
1990-1999       78      0.05365  0.05225  0.50   56681    2962   55200   510760   9.01
1990-1999       79      0.06045  0.05867  0.50   53719    3152   52143   455560   8.48
1990-1999       80      0.06887  0.06657  0.50   50567    3366   48884   403417   7.98
1990-1999       81      0.07406  0.07141  0.50   47201    3371   45515   354533   7.51
1990-1999       82      0.08386  0.08048  0.50   43830    3528   42066   309018   7.05
1990-1999       83      0.09231  0.08824  0.50   40302    3556   38524   266951   6.62
1990-1999       84      0.10167  0.09675  0.50   36746    3555   34969   228427   6.22
1990-1999       85      0.11230  0.10633  0.50   33191    3529   31426   193459   5.83
1990-1999       86      0.12220  0.11517  0.50   29662    3416   27954   162032   5.46
1990-1999       87      0.13757  0.12872  0.50   26246    3378   24557   134079   5.11
1990-1999       88      0.14542  0.13557  0.50   22867    3100   21317   109522   4.79
1990-1999       89      0.16201  0.14987  0.50   19767    2963   18286    88205   4.46
1990-1999       90      0.18489  0.16924  0.50   16805    2844   15383    69919   4.16
1990-1999       91      0.19850  0.18058  0.50   13961    2521   12700    54536   3.91
1990-1999       92      0.21984  0.19807  0.50   11440    2266   10307    41836   3.66
1990-1999       93      0.23542  0.21063  0.50    9174    1932    8208    31529   3.44
1990-1999       94      0.25074  0.22281  0.50    7242    1613    6435    23321   3.22
1990-1999       95      0.27974  0.24542  0.50    5628    1381    4938    16886   3.00
1990-1999       96      0.30351  0.26352  0.50    4247    1119    3687    11949   2.81
1990-1999       97      0.32849  0.28215  0.50    3128     883    2687     8261   2.64
1990-1999       98      0.35462  0.30121  0.50    2245     676    1907     5575   2.48
1990-1999       99      0.38177  0.32058  0.50    1569     503    1317     3668   2.34
1990-1999      100      0.40982  0.34013  0.50    1066     363     885     2350   2.20
1990-1999      101      0.43859  0.35971  0.50     703     253     577     1466   2.08
1990-1999      102      0.46791  0.37920  0.50     450     171     365      889   1.97
1990-1999      103      0.49757  0.39844  0.50     280     111     224      524   1.87
1990-1999      104      0.52735  0.41732  0.50     168      70     133      300   1.78
1990-1999      105      0.55704  0.43569  0.50      98      43      77      167   1.70
1990-1999      106      0.58643  0.45346  0.50      55      25      43       90   1.63
1990-1999      107      0.61529  0.47053  0.50      30      14      23       47   1.56
1990-1999      108      0.64343  0.48682  0.50      16       8      12       24   1.51
1990-1999      109      0.67068  0.50225  0.50       8       4       6       12   1.46
1990-1999      110+     0.69688  1.00000  1.43       4       4       6        6   1.43
2000-2009        0      0.00524  0.00521  0.14  100000     521   99551  7961717  79.62
2000-2009        1      0.00057  0.00057  0.50   99479      57   99450  7862166  79.03
2000-2009        2      0.00030  0.00030  0.50   99422      30   99407  7762716  78.08
2000-2009        3      0.00022  0.00022  0.50   99392      22   99381  7663309  77.10
2000-2009        4      0.00018  0.00018  0.50   99370      18   99361  7563928  76.12
2000-2009        5      0.00014  0.00014  0.50   99351      14   99344  7464568  75.13
2000-2009        6      0.00014  0.00014  0.50   99337      14   99330  7365223  74.14
2000-2009        7      0.00016  0.00016  0.50   99323      15   99315  7265893  73.15
2000-2009        8      0.00011  0.00011  0.50   99308      11   99302  7166578  72.17
2000-2009        9      0.00013  0.00013  0.50   99297      13   99290  7067276  71.17
2000-2009       10      0.00011  0.00011  0.50   99284      11   99278  6967985  70.18
2000-2009       11      0.00014  0.00014  0.50   99273      14   99266  6868707  69.19
2000-2009       12      0.00017  0.00017  0.50   99259      17   99251  6769441  68.20
2000-2009       13      0.00020  0.00020  0.50   99242      19   99233  6670190  67.21
2000-2009       14      0.00027  0.00027  0.50   99223      27   99210  6570957  66.22
2000-2009       15      0.00038  0.00038  0.50   99196      38   99177  6471748  65.24
2000-2009       16      0.00058  0.00058  0.50   99158      58   99129  6372571  64.27
2000-2009       17      0.00073  0.00073  0.50   99100      72   99064  6273442  63.30
2000-2009       18      0.00078  0.00078  0.50   99028      77   98989  6174378  62.35
2000-2009       19      0.00069  0.00069  0.50   98950      68   98916  6075389  61.40
2000-2009       20      0.00073  0.00073  0.50   98882      73   98846  5976473  60.44
2000-2009       21      0.00069  0.00069  0.50   98809      68   98775  5877627  59.48
2000-2009       22      0.00075  0.00075  0.50   98741      74   98704  5778852  58.53
2000-2009       23      0.00067  0.00067  0.50   98667      66   98634  5680148  57.57
2000-2009       24      0.00067  0.00067  0.50   98601      66   98568  5581514  56.61
2000-2009       25      0.00071  0.00071  0.50   98534      70   98500  5482946  55.64
2000-2009       26      0.00069  0.00069  0.50   98465      68   98430  5384447  54.68
2000-2009       27      0.00066  0.00066  0.50   98396      65   98364  5286017  53.72
2000-2009       28      0.00071  0.00071  0.50   98331      70   98296  5187653  52.76
2000-2009       29      0.00074  0.00074  0.50   98261      72   98225  5089357  51.79
2000-2009       30      0.00074  0.00074  0.50   98189      73   98152  4991132  50.83
2000-2009       31      0.00071  0.00071  0.50   98116      70   98081  4892979  49.87
2000-2009       32      0.00091  0.00091  0.50   98046      89   98002  4794898  48.90
2000-2009       33      0.00080  0.00080  0.50   97957      79   97918  4696896  47.95
2000-2009       34      0.00087  0.00087  0.50   97878      85   97836  4598979  46.99
2000-2009       35      0.00092  0.00092  0.50   97793      90   97748  4501143  46.03
2000-2009       36      0.00096  0.00096  0.50   97703      93   97656  4403395  45.07
2000-2009       37      0.00103  0.00103  0.50   97609     101   97559  4305739  44.11
2000-2009       38      0.00108  0.00108  0.50   97508     106   97455  4208181  43.16
2000-2009       39      0.00111  0.00110  0.50   97403     108   97349  4110725  42.20
2000-2009       40      0.00125  0.00125  0.50   97295     121   97234  4013376  41.25
2000-2009       41      0.00130  0.00130  0.50   97174     126   97110  3916142  40.30
2000-2009       42      0.00138  0.00138  0.50   97047     134   96980  3819032  39.35
2000-2009       43      0.00154  0.00154  0.50   96913     149   96839  3722051  38.41
2000-2009       44      0.00170  0.00170  0.50   96764     165   96682  3625213  37.46
2000-2009       45      0.00187  0.00187  0.50   96599     181   96509  3528531  36.53
2000-2009       46      0.00193  0.00193  0.50   96419     186   96326  3432022  35.59
2000-2009       47      0.00216  0.00215  0.50   96233     207   96129  3335696  34.66
2000-2009       48      0.00233  0.00233  0.50   96025     223   95914  3239567  33.74
2000-2009       49      0.00254  0.00253  0.50   95802     243   95681  3143653  32.81
2000-2009       50      0.00273  0.00272  0.50   95559     260   95429  3047973  31.90
2000-2009       51      0.00313  0.00312  0.50   95299     298   95150  2952543  30.98
2000-2009       52      0.00342  0.00341  0.50   95002     324   94840  2857393  30.08
2000-2009       53      0.00370  0.00369  0.50   94677     350   94503  2762553  29.18
2000-2009       54      0.00394  0.00393  0.50   94328     371   94142  2668051  28.28
2000-2009       55      0.00446  0.00445  0.50   93957     418   93748  2573909  27.39
2000-2009       56      0.00481  0.00480  0.50   93539     449   93314  2480161  26.51
2000-2009       57      0.00521  0.00520  0.50   93090     484   92848  2386847  25.64
2000-2009       58      0.00563  0.00562  0.50   92606     520   92346  2293999  24.77
2000-2009       59      0.00656  0.00654  0.50   92086     603   91784  2201653  23.91
2000-2009       60      0.00688  0.00686  0.50   91483     627   91169  2109869  23.06
2000-2009       61      0.00780  0.00777  0.50   90856     706   90503  2018699  22.22
2000-2009       62      0.00888  0.00884  0.50   90150     797   89752  1928196  21.39
2000-2009       63      0.00917  0.00913  0.50   89353     815   88946  1838444  20.57
2000-2009       64      0.01027  0.01021  0.50   88538     904   88086  1749499  19.76
2000-2009       65      0.01159  0.01152  0.50   87634    1010   87129  1661413  18.96
2000-2009       66      0.01215  0.01208  0.50   86624    1046   86101  1574284  18.17
2000-2009       67      0.01400  0.01390  0.50   85578    1190   84983  1488183  17.39
2000-2009       68      0.01571  0.01559  0.50   84388    1316   83730  1403201  16.63
2000-2009       69      0.01702  0.01687  0.50   83072    1402   82371  1319471  15.88
2000-2009       70      0.01878  0.01860  0.50   81670    1519   80911  1237100  15.15
2000-2009       71      0.02101  0.02079  0.50   80151    1666   79318  1156189  14.43
2000-2009       72      0.02308  0.02281  0.50   78485    1790   77589  1076871  13.72
2000-2009       73      0.02593  0.02560  0.50   76694    1963   75713   999282  13.03
2000-2009       74      0.02844  0.02805  0.50   74731    2096   73683   923569  12.36
2000-2009       75      0.03030  0.02985  0.50   72635    2168   71551   849886  11.70
2000-2009       76      0.03432  0.03374  0.50   70467    2378   69278   778334  11.05
2000-2009       77      0.03828  0.03756  0.50   68090    2557   66811   709056  10.41
2000-2009       78      0.04295  0.04205  0.50   65532    2755   64155   642245   9.80
2000-2009       79      0.04788  0.04676  0.50   62777    2936   61309   578090   9.21
2000-2009       80      0.05368  0.05228  0.50   59841    3129   58277   516781   8.64
2000-2009       81      0.06002  0.05827  0.50   56713    3305   55060   458504   8.08
2000-2009       82      0.06760  0.06539  0.50   53408    3492   51662   403444   7.55
2000-2009       83      0.07599  0.07321  0.50   49915    3654   48088   351783   7.05
2000-2009       84      0.08543  0.08193  0.50   46261    3790   44366   303694   6.56
2000-2009       85      0.09692  0.09244  0.50   42471    3926   40508   259328   6.11
2000-2009       86      0.10895  0.10332  0.50   38545    3983   36554   218820   5.68
2000-2009       87      0.12113  0.11421  0.50   34562    3948   32589   182266   5.27
2000-2009       88      0.13689  0.12812  0.50   30615    3922   28654   149678   4.89
2000-2009       89      0.15302  0.14215  0.50   26692    3794   24795   121024   4.53
2000-2009       90      0.17321  0.15941  0.50   22898    3650   21073    96229   4.20
2000-2009       91      0.19229  0.17543  0.50   19248    3377   17560    75156   3.90
2000-2009       92      0.20750  0.18800  0.50   15871    2984   14380    57596   3.63
2000-2009       93      0.23843  0.21303  0.50   12888    2746   11515    43216   3.35
2000-2009       94      0.25796  0.22849  0.50   10142    2317    8983    31701   3.13
2000-2009       95      0.28459  0.24914  0.50    7825    1949    6850    22718   2.90
2000-2009       96      0.31266  0.27039  0.50    5875    1589    5081    15868   2.70
2000-2009       97      0.34228  0.29226  0.50    4287    1253    3660    10787   2.52
2000-2009       98      0.37330  0.31459  0.50    3034     954    2557     7127   2.35
2000-2009       99      0.40552  0.33716  0.50    2079     701    1729     4570   2.20
2000-2009      100      0.43869  0.35977  0.50    1378     496    1130     2841   2.06
2000-2009      101      0.47252  0.38222  0.50     882     337     714     1711   1.94
2000-2009      102      0.50672  0.40429  0.50     545     220     435      997   1.83
2000-2009      103      0.54094  0.42578  0.50     325     138     256      562   1.73
2000-2009      104      0.57488  0.44653  0.50     186      83     145      306   1.64
2000-2009      105      0.60820  0.46638  0.50     103      48      79      162   1.57
2000-2009      106      0.64062  0.48520  0.50      55      27      42       82   1.50
2000-2009      107      0.67186  0.50292  0.50      28      14      21       41   1.44
2000-2009      108      0.70171  0.51946  0.50      14       7      10       20   1.39
2000-2009      109      0.72998  0.53479  0.50       7       4       5        9   1.35
2000-2009      110+     0.75654  1.00000  1.32       3       3       4        4   1.32
2010-2013        0      0.00454  0.00452  0.14  100000     452   99611  8121212  81.21
2010-2013        1      0.00040  0.00040  0.50   99548      39   99528  8021601  80.58
2010-2013        2      0.00028  0.00028  0.50   99508      28   99494  7922073  79.61
2010-2013        3      0.00013  0.00013  0.50   99480      13   99474  7822579  78.63
2010-2013        4      0.00013  0.00013  0.50   99468      13   99461  7723105  77.64
2010-2013        5      0.00010  0.00010  0.50   99455      10   99450  7623644  76.65
2010-2013        6      0.00008  0.00008  0.50   99445       8   99441  7524194  75.66
2010-2013        7      0.00006  0.00006  0.50   99437       6   99434  7424753  74.67
2010-2013        8      0.00005  0.00005  0.50   99431       5   99429  7325319  73.67
2010-2013        9      0.00009  0.00009  0.50   99426       9   99422  7225891  72.68
2010-2013       10      0.00011  0.00011  0.50   99417      11   99412  7126469  71.68
2010-2013       11      0.00010  0.00010  0.50   99406      10   99401  7027057  70.69
2010-2013       12      0.00012  0.00012  0.50   99396      12   99390  6927656  69.70
2010-2013       13      0.00015  0.00015  0.50   99384      15   99376  6828266  68.71
2010-2013       14      0.00017  0.00017  0.50   99369      17   99360  6728890  67.72
2010-2013       15      0.00034  0.00034  0.50   99351      34   99334  6629530  66.73
2010-2013       16      0.00043  0.00043  0.50   99317      43   99296  6530196  65.75
2010-2013       17      0.00056  0.00056  0.50   99274      55   99247  6430900  64.78
2010-2013       18      0.00068  0.00068  0.50   99219      67   99186  6331653  63.81
2010-2013       19      0.00062  0.00062  0.50   99152      61   99121  6232467  62.86
2010-2013       20      0.00069  0.00069  0.50   99091      68   99056  6133346  61.90
2010-2013       21      0.00071  0.00071  0.50   99022      70   98987  6034289  60.94
2010-2013       22      0.00058  0.00058  0.50   98952      58   98924  5935302  59.98
2010-2013       23      0.00064  0.00064  0.50   98895      64   98863  5836378  59.02
2010-2013       24      0.00048  0.00048  0.50   98831      47   98808  5737515  58.05
2010-2013       25      0.00062  0.00062  0.50   98784      61   98754  5638708  57.08
2010-2013       26      0.00059  0.00059  0.50   98723      58   98694  5539954  56.12
2010-2013       27      0.00055  0.00055  0.50   98665      54   98638  5441260  55.15
2010-2013       28      0.00052  0.00052  0.50   98611      51   98585  5342623  54.18
2010-2013       29      0.00051  0.00051  0.50   98560      50   98535  5244037  53.21
2010-2013       30      0.00061  0.00061  0.50   98509      60   98479  5145503  52.23
2010-2013       31      0.00065  0.00065  0.50   98449      64   98417  5047024  51.27
2010-2013       32      0.00068  0.00068  0.50   98385      67   98351  4948607  50.30
2010-2013       33      0.00070  0.00070  0.50   98318      69   98283  4850256  49.33
2010-2013       34      0.00065  0.00065  0.50   98249      64   98217  4751972  48.37
2010-2013       35      0.00073  0.00073  0.50   98185      71   98149  4653755  47.40
2010-2013       36      0.00081  0.00081  0.50   98114      79   98074  4555606  46.43
2010-2013       37      0.00083  0.00083  0.50   98035      82   97994  4457531  45.47
2010-2013       38      0.00091  0.00091  0.50   97953      89   97908  4359537  44.51
2010-2013       39      0.00108  0.00108  0.50   97864     106   97811  4261629  43.55
2010-2013       40      0.00112  0.00112  0.50   97758     109   97703  4163818  42.59
2010-2013       41      0.00129  0.00129  0.50   97649     126   97586  4066115  41.64
2010-2013       42      0.00132  0.00132  0.50   97523     128   97458  3968529  40.69
2010-2013       43      0.00141  0.00141  0.50   97394     137   97325  3871071  39.75
2010-2013       44      0.00154  0.00154  0.50   97257     149   97182  3773746  38.80
2010-2013       45      0.00162  0.00162  0.50   97107     157   97029  3676564  37.86
2010-2013       46      0.00192  0.00191  0.50   96950     186   96857  3579535  36.92
2010-2013       47      0.00187  0.00187  0.50   96764     181   96674  3482678  35.99
2010-2013       48      0.00226  0.00226  0.50   96584     218   96475  3386004  35.06
2010-2013       49      0.00244  0.00243  0.50   96366     235   96248  3289529  34.14
2010-2013       50      0.00264  0.00264  0.50   96131     254   96004  3193281  33.22
2010-2013       51      0.00262  0.00262  0.50   95877     251   95752  3097277  32.30
2010-2013       52      0.00307  0.00307  0.50   95626     293   95480  3001525  31.39
2010-2013       53      0.00318  0.00318  0.50   95333     303   95182  2906045  30.48
2010-2013       54      0.00363  0.00362  0.50   95030     344   94858  2810863  29.58
2010-2013       55      0.00385  0.00384  0.50   94686     364   94504  2716006  28.68
2010-2013       56      0.00424  0.00423  0.50   94322     399   94123  2621502  27.79
2010-2013       57      0.00420  0.00419  0.50   93923     393   93727  2527379  26.91
2010-2013       58      0.00511  0.00509  0.50   93530     476   93292  2433652  26.02
2010-2013       59      0.00525  0.00524  0.50   93053     487   92810  2340361  25.15
2010-2013       60      0.00569  0.00567  0.50   92566     525   92304  2247551  24.28
2010-2013       61      0.00619  0.00617  0.50   92041     568   91757  2155247  23.42
2010-2013       62      0.00700  0.00697  0.50   91473     638   91154  2063490  22.56
2010-2013       63      0.00771  0.00768  0.50   90835     698   90487  1972336  21.71
2010-2013       64      0.00831  0.00827  0.50   90138     746   89765  1881849  20.88
2010-2013       65      0.00917  0.00912  0.50   89392     816   88984  1792084  20.05
2010-2013       66      0.01030  0.01025  0.50   88576     908   88122  1703100  19.23
2010-2013       67      0.01154  0.01148  0.50   87669    1006   87166  1614978  18.42
2010-2013       68      0.01243  0.01236  0.50   86663    1071   86127  1527812  17.63
2010-2013       69      0.01397  0.01387  0.50   85592    1187   84998  1441685  16.84
2010-2013       70      0.01530  0.01518  0.50   84404    1282   83764  1356687  16.07
2010-2013       71      0.01753  0.01738  0.50   83123    1444   82401  1272923  15.31
2010-2013       72      0.01838  0.01822  0.50   81678    1488   80934  1190523  14.58
2010-2013       73      0.02035  0.02015  0.50   80190    1616   79383  1109589  13.84
2010-2013       74      0.02348  0.02321  0.50   78575    1824   77663  1030206  13.11
2010-2013       75      0.02573  0.02540  0.50   76751    1950   75776   952543  12.41
2010-2013       76      0.02875  0.02835  0.50   74801    2120   73741   876767  11.72
2010-2013       77      0.03241  0.03190  0.50   72681    2318   71522   803025  11.05
2010-2013       78      0.03643  0.03578  0.50   70363    2518   69104   731503  10.40
2010-2013       79      0.03978  0.03900  0.50   67845    2646   66522   662399   9.76
2010-2013       80      0.04664  0.04558  0.50   65199    2971   63713   595877   9.14
2010-2013       81      0.05028  0.04905  0.50   62228    3052   60702   532164   8.55
2010-2013       82      0.05909  0.05739  0.50   59175    3396   57477   471462   7.97
2010-2013       83      0.06700  0.06483  0.50   55779    3616   53971   413985   7.42
2010-2013       84      0.07536  0.07263  0.50   52163    3788   50269   360014   6.90
2010-2013       85      0.08763  0.08395  0.50   48375    4061   46344   309745   6.40
2010-2013       86      0.09673  0.09226  0.50   44313    4089   42269   263401   5.94
2010-2013       87      0.10869  0.10309  0.50   40225    4147   38152   221132   5.50
2010-2013       88      0.12943  0.12157  0.50   36078    4386   33885   182980   5.07
2010-2013       89      0.14524  0.13541  0.50   31692    4291   29547   149095   4.70
2010-2013       90      0.16073  0.14877  0.50   27401    4077   25363   119548   4.36
2010-2013       91      0.18183  0.16667  0.50   23324    3888   21381    94186   4.04
2010-2013       92      0.20009  0.18189  0.50   19437    3535   17669    72805   3.75
2010-2013       93      0.22126  0.19922  0.50   15901    3168   14317    55136   3.47
2010-2013       94      0.24141  0.21541  0.50   12733    2743   11362    40819   3.21
2010-2013       95      0.27575  0.24233  0.50    9991    2421    8780    29457   2.95
2010-2013       96      0.30503  0.26467  0.50    7569    2003    6568    20677   2.73
2010-2013       97      0.33613  0.28777  0.50    5566    1602    4765    14109   2.53
2010-2013       98      0.36886  0.31142  0.50    3964    1235    3347     9344   2.36
2010-2013       99      0.40298  0.33540  0.50    2730     916    2272     5997   2.20
2010-2013      100      0.43821  0.35945  0.50    1814     652    1488     3725   2.05
2010-2013      101      0.47422  0.38333  0.50    1162     445     939     2237   1.92
2010-2013      102      0.51062  0.40677  0.50     717     291     571     1297   1.81
2010-2013      103      0.54703  0.42954  0.50     425     183     334      726   1.71
2010-2013      104      0.58305  0.45144  0.50     243     109     188      393   1.62
2010-2013      105      0.61830  0.47229  0.50     133      63     102      205   1.54
2010-2013      106      0.65243  0.49195  0.50      70      35      53      103   1.47
2010-2013      107      0.68513  0.51032  0.50      36      18      27       50   1.41
2010-2013      108      0.71616  0.52733  0.50      17       9      13       24   1.36
2010-2013      109      0.74532  0.54297  0.50       8       4       6       11   1.32
2010-2013      110+     0.77247  1.00000  1.29       4       4       5        5   1.29
