Portugal, Life tables (period 1x10), Total	Last modified: 01 Aug 2021;  Methods Protocol: v6 (2017)

  Year          Age         mx       qx    ax      lx      dx      Lx       Tx     ex
1940-1949        0      0.13339  0.12209  0.31  100000   12209   91526  5289607  52.90
1940-1949        1      0.04651  0.04545  0.50   87791    3990   85796  5198081  59.21
1940-1949        2      0.01929  0.01910  0.50   83801    1601   83000  5112285  61.01
1940-1949        3      0.00963  0.00958  0.50   82200     788   81806  5029285  61.18
1940-1949        4      0.00617  0.00615  0.50   81412     501   81161  4947479  60.77
1940-1949        5      0.00424  0.00423  0.50   80911     342   80740  4866317  60.14
1940-1949        6      0.00340  0.00340  0.50   80569     274   80432  4785577  59.40
1940-1949        7      0.00291  0.00290  0.50   80295     233   80179  4705145  58.60
1940-1949        8      0.00241  0.00241  0.50   80062     193   79966  4624966  57.77
1940-1949        9      0.00221  0.00221  0.50   79869     176   79781  4545001  56.91
1940-1949       10      0.00198  0.00197  0.50   79693     157   79614  4465220  56.03
1940-1949       11      0.00187  0.00187  0.50   79535     149   79461  4385606  55.14
1940-1949       12      0.00184  0.00184  0.50   79387     146   79314  4306145  54.24
1940-1949       13      0.00198  0.00198  0.50   79241     157   79162  4226831  53.34
1940-1949       14      0.00222  0.00222  0.50   79084     176   78996  4147669  52.45
1940-1949       15      0.00240  0.00240  0.50   78908     189   78814  4068673  51.56
1940-1949       16      0.00283  0.00282  0.50   78719     222   78608  3989859  50.68
1940-1949       17      0.00321  0.00321  0.50   78497     252   78371  3911250  49.83
1940-1949       18      0.00374  0.00373  0.50   78245     292   78100  3832879  48.99
1940-1949       19      0.00393  0.00392  0.50   77954     306   77801  3754780  48.17
1940-1949       20      0.00418  0.00418  0.50   77648     324   77486  3676979  47.35
1940-1949       21      0.00433  0.00432  0.50   77324     334   77157  3599493  46.55
1940-1949       22      0.00465  0.00464  0.50   76990     357   76811  3522336  45.75
1940-1949       23      0.00466  0.00465  0.50   76632     356   76454  3445525  44.96
1940-1949       24      0.00475  0.00474  0.50   76276     361   76095  3369071  44.17
1940-1949       25      0.00460  0.00459  0.50   75915     348   75741  3292975  43.38
1940-1949       26      0.00462  0.00461  0.50   75567     348   75393  3217235  42.57
1940-1949       27      0.00473  0.00472  0.50   75219     355   75041  3141842  41.77
1940-1949       28      0.00488  0.00487  0.50   74863     365   74681  3066801  40.97
1940-1949       29      0.00446  0.00445  0.50   74499     331   74333  2992120  40.16
1940-1949       30      0.00491  0.00490  0.50   74167     364   73986  2917787  39.34
1940-1949       31      0.00441  0.00440  0.50   73804     325   73641  2843802  38.53
1940-1949       32      0.00503  0.00502  0.50   73479     369   73294  2770160  37.70
1940-1949       33      0.00527  0.00526  0.50   73110     384   72918  2696866  36.89
1940-1949       34      0.00515  0.00513  0.50   72726     373   72539  2623948  36.08
1940-1949       35      0.00553  0.00551  0.50   72352     399   72153  2551409  35.26
1940-1949       36      0.00562  0.00561  0.50   71953     403   71752  2479256  34.46
1940-1949       37      0.00568  0.00566  0.50   71550     405   71348  2407505  33.65
1940-1949       38      0.00637  0.00635  0.50   71145     452   70919  2336157  32.84
1940-1949       39      0.00583  0.00581  0.50   70693     411   70488  2265238  32.04
1940-1949       40      0.00683  0.00681  0.50   70283     478   70044  2194750  31.23
1940-1949       41      0.00567  0.00565  0.50   69804     395   69607  2124706  30.44
1940-1949       42      0.00740  0.00737  0.50   69410     512   69154  2055099  29.61
1940-1949       43      0.00676  0.00674  0.50   68898     464   68666  1985945  28.82
1940-1949       44      0.00740  0.00737  0.50   68434     504   68182  1917279  28.02
1940-1949       45      0.00840  0.00837  0.50   67929     568   67645  1849097  27.22
1940-1949       46      0.00772  0.00769  0.50   67361     518   67102  1781452  26.45
1940-1949       47      0.00785  0.00782  0.50   66843     523   66581  1714350  25.65
1940-1949       48      0.00965  0.00961  0.50   66320     637   66001  1647769  24.85
1940-1949       49      0.00900  0.00896  0.50   65682     588   65388  1581768  24.08
1940-1949       50      0.01140  0.01133  0.50   65094     738   64725  1516380  23.30
1940-1949       51      0.00892  0.00888  0.50   64356     571   64071  1451655  22.56
1940-1949       52      0.01179  0.01172  0.50   63785     748   63411  1387584  21.75
1940-1949       53      0.01179  0.01172  0.50   63037     739   62668  1324173  21.01
1940-1949       54      0.01259  0.01251  0.50   62298     779   61909  1261505  20.25
1940-1949       55      0.01440  0.01430  0.50   61519     880   61079  1199597  19.50
1940-1949       56      0.01480  0.01469  0.50   60639     891   60194  1138517  18.78
1940-1949       57      0.01440  0.01430  0.50   59748     854   59321  1078324  18.05
1940-1949       58      0.01730  0.01715  0.50   58894    1010   58389  1019002  17.30
1940-1949       59      0.01615  0.01602  0.50   57884     927   57420   960613  16.60
1940-1949       60      0.02455  0.02426  0.50   56957    1382   56266   903193  15.86
1940-1949       61      0.01707  0.01693  0.50   55575     941   55105   846927  15.24
1940-1949       62      0.02397  0.02369  0.50   54634    1294   53987   791822  14.49
1940-1949       63      0.02604  0.02571  0.50   53340    1371   52655   737835  13.83
1940-1949       64      0.02814  0.02775  0.50   51969    1442   51248   685180  13.18
1940-1949       65      0.03475  0.03415  0.50   50527    1726   49664   633932  12.55
1940-1949       66      0.03512  0.03451  0.50   48801    1684   47959   584268  11.97
1940-1949       67      0.03585  0.03522  0.50   47117    1659   46288   536308  11.38
1940-1949       68      0.04403  0.04308  0.50   45458    1958   44479   490021  10.78
1940-1949       69      0.03804  0.03733  0.50   43500    1624   42688   445542  10.24
1940-1949       70      0.06573  0.06364  0.50   41876    2665   40543   402854   9.62
1940-1949       71      0.04358  0.04265  0.50   39211    1672   38375   362311   9.24
1940-1949       72      0.06554  0.06346  0.50   37538    2382   36347   323936   8.63
1940-1949       73      0.06648  0.06434  0.50   35156    2262   34025   287589   8.18
1940-1949       74      0.07385  0.07122  0.50   32894    2343   31723   253564   7.71
1940-1949       75      0.09639  0.09195  0.50   30551    2809   29147   221841   7.26
1940-1949       76      0.09061  0.08668  0.50   27742    2405   26540   192695   6.95
1940-1949       77      0.10203  0.09707  0.50   25337    2460   24107   166155   6.56
1940-1949       78      0.12867  0.12090  0.50   22878    2766   21495   142048   6.21
1940-1949       79      0.10542  0.10014  0.50   20112    2014   19105   120553   5.99
1940-1949       80      0.16820  0.15515  0.50   18098    2808   16694   101448   5.61
1940-1949       81      0.10489  0.09966  0.50   15290    1524   14528    84755   5.54
1940-1949       82      0.14820  0.13797  0.50   13766    1899   12816    70227   5.10
1940-1949       83      0.14843  0.13818  0.50   11867    1640   11047    57410   4.84
1940-1949       84      0.17388  0.15997  0.50   10227    1636    9409    46364   4.53
1940-1949       85      0.21856  0.19703  0.50    8591    1693    7745    36955   4.30
1940-1949       86      0.20156  0.18311  0.50    6898    1263    6267    29210   4.23
1940-1949       87      0.20712  0.18768  0.50    5635    1058    5106    22943   4.07
1940-1949       88      0.24642  0.21939  0.50    4578    1004    4075    17837   3.90
1940-1949       89      0.19931  0.18124  0.50    3573     648    3249    13762   3.85
1940-1949       90      0.33590  0.28759  0.50    2926     841    2505    10512   3.59
1940-1949       91      0.17819  0.16361  0.50    2084     341    1914     8007   3.84
1940-1949       92      0.25368  0.22512  0.50    1743     392    1547     6094   3.50
1940-1949       93      0.23572  0.21087  0.50    1351     285    1208     4547   3.37
1940-1949       94      0.24765  0.22036  0.50    1066     235     949     3338   3.13
1940-1949       95      0.31416  0.27151  0.50     831     226     718     2390   2.88
1940-1949       96      0.32947  0.28287  0.50     605     171     520     1671   2.76
1940-1949       97      0.34515  0.29435  0.50     434     128     370     1152   2.65
1940-1949       98      0.36117  0.30592  0.50     306      94     260      781   2.55
1940-1949       99      0.37749  0.31755  0.50     213      68     179      522   2.45
1940-1949      100      0.39409  0.32922  0.50     145      48     121      343   2.36
1940-1949      101      0.41094  0.34090  0.50      97      33      81      222   2.28
1940-1949      102      0.42800  0.35255  0.50      64      23      53      141   2.20
1940-1949      103      0.44523  0.36416  0.50      42      15      34       88   2.12
1940-1949      104      0.46260  0.37570  0.50      26      10      21       54   2.05
1940-1949      105      0.48006  0.38714  0.50      16       6      13       33   1.99
1940-1949      106      0.49758  0.39845  0.50      10       4       8       19   1.93
1940-1949      107      0.51511  0.40961  0.50       6       2       5       11   1.87
1940-1949      108      0.53262  0.42061  0.50       4       2       3        7   1.82
1940-1949      109      0.55005  0.43140  0.50       2       1       2        4   1.79
1940-1949      110+     0.56738  1.00000  1.76       1       1       2        2   1.76
1950-1959        0      0.09669  0.09061  0.31  100000    9061   93710  6108018  61.08
1950-1959        1      0.02544  0.02512  0.50   90939    2284   89797  6014307  66.14
1950-1959        2      0.01051  0.01045  0.50   88655     927   88191  5924511  66.83
1950-1959        3      0.00502  0.00501  0.50   87728     439   87508  5836319  66.53
1950-1959        4      0.00321  0.00321  0.50   87289     280   87149  5748811  65.86
1950-1959        5      0.00217  0.00217  0.50   87009     189   86914  5661662  65.07
1950-1959        6      0.00172  0.00172  0.50   86820     149   86745  5574748  64.21
1950-1959        7      0.00147  0.00147  0.50   86671     127   86607  5488003  63.32
1950-1959        8      0.00122  0.00122  0.50   86543     106   86490  5401396  62.41
1950-1959        9      0.00104  0.00104  0.50   86437      90   86393  5314906  61.49
1950-1959       10      0.00094  0.00094  0.50   86348      81   86307  5228513  60.55
1950-1959       11      0.00089  0.00089  0.50   86267      76   86228  5142206  59.61
1950-1959       12      0.00091  0.00091  0.50   86190      79   86151  5055978  58.66
1950-1959       13      0.00092  0.00092  0.50   86112      79   86072  4969827  57.71
1950-1959       14      0.00100  0.00100  0.50   86032      86   85989  4883755  56.77
1950-1959       15      0.00109  0.00109  0.50   85946      94   85900  4797766  55.82
1950-1959       16      0.00123  0.00123  0.50   85853     106   85800  4711866  54.88
1950-1959       17      0.00134  0.00134  0.50   85747     115   85690  4626066  53.95
1950-1959       18      0.00157  0.00157  0.50   85633     134   85565  4540376  53.02
1950-1959       19      0.00166  0.00166  0.50   85498     142   85427  4454811  52.10
1950-1959       20      0.00182  0.00182  0.50   85356     155   85279  4369384  51.19
1950-1959       21      0.00185  0.00185  0.50   85201     157   85122  4284105  50.28
1950-1959       22      0.00212  0.00212  0.50   85044     180   84954  4198982  49.37
1950-1959       23      0.00214  0.00213  0.50   84863     181   84773  4114029  48.48
1950-1959       24      0.00220  0.00219  0.50   84682     186   84589  4029256  47.58
1950-1959       25      0.00225  0.00225  0.50   84496     190   84401  3944667  46.68
1950-1959       26      0.00230  0.00229  0.50   84306     193   84210  3860265  45.79
1950-1959       27      0.00235  0.00234  0.50   84113     197   84015  3776056  44.89
1950-1959       28      0.00247  0.00246  0.50   83916     207   83813  3692041  44.00
1950-1959       29      0.00237  0.00237  0.50   83709     199   83610  3608228  43.10
1950-1959       30      0.00260  0.00260  0.50   83511     217   83402  3524618  42.21
1950-1959       31      0.00235  0.00234  0.50   83294     195   83196  3441216  41.31
1950-1959       32      0.00262  0.00261  0.50   83098     217   82990  3358020  40.41
1950-1959       33      0.00278  0.00278  0.50   82881     230   82766  3275030  39.51
1950-1959       34      0.00280  0.00279  0.50   82651     231   82535  3192264  38.62
1950-1959       35      0.00303  0.00302  0.50   82420     249   82295  3109729  37.73
1950-1959       36      0.00322  0.00321  0.50   82171     264   82039  3027433  36.84
1950-1959       37      0.00335  0.00335  0.50   81907     274   81770  2945394  35.96
1950-1959       38      0.00356  0.00355  0.50   81632     290   81488  2863625  35.08
1950-1959       39      0.00365  0.00365  0.50   81343     297   81194  2782137  34.20
1950-1959       40      0.00414  0.00414  0.50   81046     335   80878  2700943  33.33
1950-1959       41      0.00372  0.00371  0.50   80711     300   80561  2620065  32.46
1950-1959       42      0.00468  0.00467  0.50   80411     375   80223  2539504  31.58
1950-1959       43      0.00449  0.00448  0.50   80036     359   79856  2459281  30.73
1950-1959       44      0.00493  0.00492  0.50   79677     392   79481  2379425  29.86
1950-1959       45      0.00540  0.00538  0.50   79285     427   79071  2299944  29.01
1950-1959       46      0.00548  0.00547  0.50   78858     431   78642  2220873  28.16
1950-1959       47      0.00584  0.00583  0.50   78426     457   78198  2142231  27.32
1950-1959       48      0.00644  0.00642  0.50   77970     501   77719  2064033  26.47
1950-1959       49      0.00669  0.00667  0.50   77469     517   77210  1986314  25.64
1950-1959       50      0.00766  0.00763  0.50   76952     587   76659  1909103  24.81
1950-1959       51      0.00717  0.00715  0.50   76365     546   76092  1832445  24.00
1950-1959       52      0.00873  0.00869  0.50   75819     659   75490  1756352  23.16
1950-1959       53      0.00910  0.00906  0.50   75160     681   74820  1680863  22.36
1950-1959       54      0.00982  0.00977  0.50   74479     728   74115  1606043  21.56
1950-1959       55      0.01073  0.01067  0.50   73751     787   73358  1531928  20.77
1950-1959       56      0.01193  0.01186  0.50   72965     866   72532  1458570  19.99
1950-1959       57      0.01239  0.01232  0.50   72099     888   71655  1386038  19.22
1950-1959       58      0.01388  0.01378  0.50   71211     982   70720  1314383  18.46
1950-1959       59      0.01412  0.01402  0.50   70229     985   69737  1243663  17.71
1950-1959       60      0.01779  0.01763  0.50   69245    1221   68634  1173926  16.95
1950-1959       61      0.01583  0.01571  0.50   68024    1068   67489  1105291  16.25
1950-1959       62      0.02007  0.01987  0.50   66955    1331   66290  1037802  15.50
1950-1959       63      0.02144  0.02121  0.50   65625    1392   64929   971512  14.80
1950-1959       64      0.02377  0.02349  0.50   64233    1509   63478   906583  14.11
1950-1959       65      0.02603  0.02570  0.50   62724    1612   61918   843105  13.44
1950-1959       66      0.02874  0.02833  0.50   61112    1731   60246   781187  12.78
1950-1959       67      0.03083  0.03036  0.50   59381    1803   58479   720941  12.14
1950-1959       68      0.03571  0.03508  0.50   57578    2020   56568   662461  11.51
1950-1959       69      0.03526  0.03465  0.50   55558    1925   54596   605893  10.91
1950-1959       70      0.04730  0.04621  0.50   53633    2478   52394   551297  10.28
1950-1959       71      0.04214  0.04127  0.50   51155    2111   50099   498903   9.75
1950-1959       72      0.05569  0.05418  0.50   49044    2657   47715   448804   9.15
1950-1959       73      0.05991  0.05817  0.50   46386    2698   45037   401089   8.65
1950-1959       74      0.06712  0.06494  0.50   43688    2837   42270   356052   8.15
1950-1959       75      0.07888  0.07589  0.50   40851    3100   39301   313782   7.68
1950-1959       76      0.08303  0.07972  0.50   37751    3010   36246   274481   7.27
1950-1959       77      0.09157  0.08756  0.50   34742    3042   33221   238234   6.86
1950-1959       78      0.10775  0.10224  0.50   31700    3241   30079   205014   6.47
1950-1959       79      0.10258  0.09758  0.50   28459    2777   27070   174935   6.15
1950-1959       80      0.12793  0.12024  0.50   25682    3088   24138   147865   5.76
1950-1959       81      0.11127  0.10541  0.50   22594    2382   21403   123727   5.48
1950-1959       82      0.14312  0.13356  0.50   20212    2700   18862   102324   5.06
1950-1959       83      0.14729  0.13719  0.50   17513    2403   16311    83461   4.77
1950-1959       84      0.17353  0.15967  0.50   15110    2413   13904    67150   4.44
1950-1959       85      0.19398  0.17683  0.50   12697    2245   11575    53246   4.19
1950-1959       86      0.20255  0.18393  0.50   10452    1922    9491    41671   3.99
1950-1959       87      0.21561  0.19463  0.50    8530    1660    7700    32181   3.77
1950-1959       88      0.25218  0.22395  0.50    6870    1538    6100    24481   3.56
1950-1959       89      0.23492  0.21023  0.50    5331    1121    4771    18381   3.45
1950-1959       90      0.30565  0.26513  0.50    4210    1116    3652    13610   3.23
1950-1959       91      0.23707  0.21195  0.50    3094     656    2766     9958   3.22
1950-1959       92      0.29020  0.25343  0.50    2438     618    2129     7191   2.95
1950-1959       93      0.30937  0.26792  0.50    1820     488    1577     5062   2.78
1950-1959       94      0.31413  0.27149  0.50    1333     362    1152     3485   2.62
1950-1959       95      0.37559  0.31621  0.50     971     307     817     2334   2.40
1950-1959       96      0.39914  0.33273  0.50     664     221     553     1516   2.28
1950-1959       97      0.42317  0.34927  0.50     443     155     366      963   2.17
1950-1959       98      0.44757  0.36573  0.50     288     105     236      597   2.07
1950-1959       99      0.47224  0.38203  0.50     183      70     148      362   1.98
1950-1959      100      0.49705  0.39811  0.50     113      45      90      214   1.89
1950-1959      101      0.52190  0.41389  0.50      68      28      54      123   1.81
1950-1959      102      0.54665  0.42931  0.50      40      17      31       69   1.74
1950-1959      103      0.57120  0.44430  0.50      23      10      18       38   1.67
1950-1959      104      0.59542  0.45882  0.50      13       6      10       20   1.61
1950-1959      105      0.61920  0.47282  0.50       7       3       5       11   1.56
1950-1959      106      0.64245  0.48625  0.50       4       2       3        5   1.51
1950-1959      107      0.66507  0.49910  0.50       2       1       1        3   1.46
1950-1959      108      0.68698  0.51134  0.50       1       0       1        1   1.43
1950-1959      109      0.70811  0.52295  0.50       0       0       0        1   1.39
1950-1959      110+     0.72839  1.00000  1.37       0       0       0        0   1.37
1960-1969        0      0.07417  0.07050  0.30  100000    7050   95055  6523998  65.24
1960-1969        1      0.01279  0.01271  0.50   92950    1181   92360  6428943  69.17
1960-1969        2      0.00506  0.00504  0.50   91769     463   91538  6336584  69.05
1960-1969        3      0.00274  0.00273  0.50   91306     250   91181  6245046  68.40
1960-1969        4      0.00201  0.00200  0.50   91056     183   90965  6153865  67.58
1960-1969        5      0.00141  0.00141  0.50   90874     128   90810  6062900  66.72
1960-1969        6      0.00116  0.00116  0.50   90746     105   90693  5972090  65.81
1960-1969        7      0.00105  0.00104  0.50   90640      95   90593  5881397  64.89
1960-1969        8      0.00084  0.00084  0.50   90546      76   90507  5790804  63.95
1960-1969        9      0.00071  0.00071  0.50   90469      64   90437  5700296  63.01
1960-1969       10      0.00065  0.00065  0.50   90405      59   90375  5609859  62.05
1960-1969       11      0.00064  0.00064  0.50   90346      58   90317  5519484  61.09
1960-1969       12      0.00064  0.00064  0.50   90289      58   90259  5429167  60.13
1960-1969       13      0.00063  0.00063  0.50   90230      57   90202  5338907  59.17
1960-1969       14      0.00070  0.00070  0.50   90174      63   90142  5248705  58.21
1960-1969       15      0.00084  0.00083  0.50   90111      75   90073  5158563  57.25
1960-1969       16      0.00093  0.00092  0.50   90035      83   89994  5068490  56.29
1960-1969       17      0.00098  0.00098  0.50   89952      88   89908  4978496  55.35
1960-1969       18      0.00101  0.00101  0.50   89864      91   89818  4888588  54.40
1960-1969       19      0.00107  0.00107  0.50   89773      96   89725  4798770  53.45
1960-1969       20      0.00114  0.00114  0.50   89677     102   89626  4709045  52.51
1960-1969       21      0.00118  0.00118  0.50   89575     106   89522  4619419  51.57
1960-1969       22      0.00113  0.00113  0.50   89469     101   89418  4529897  50.63
1960-1969       23      0.00119  0.00119  0.50   89368     107   89315  4440478  49.69
1960-1969       24      0.00134  0.00134  0.50   89261     119   89202  4351164  48.75
1960-1969       25      0.00130  0.00130  0.50   89142     116   89084  4261962  47.81
1960-1969       26      0.00144  0.00144  0.50   89026     128   88962  4172878  46.87
1960-1969       27      0.00147  0.00147  0.50   88898     131   88833  4083916  45.94
1960-1969       28      0.00162  0.00162  0.50   88767     144   88695  3995083  45.01
1960-1969       29      0.00168  0.00168  0.50   88623     149   88549  3906388  44.08
1960-1969       30      0.00172  0.00172  0.50   88475     152   88399  3817839  43.15
1960-1969       31      0.00179  0.00178  0.50   88323     158   88244  3729440  42.23
1960-1969       32      0.00195  0.00195  0.50   88165     172   88079  3641196  41.30
1960-1969       33      0.00202  0.00201  0.50   87993     177   87905  3553117  40.38
1960-1969       34      0.00213  0.00213  0.50   87816     187   87723  3465212  39.46
1960-1969       35      0.00227  0.00227  0.50   87629     199   87530  3377489  38.54
1960-1969       36      0.00242  0.00242  0.50   87430     212   87325  3289959  37.63
1960-1969       37      0.00253  0.00253  0.50   87219     221   87108  3202635  36.72
1960-1969       38      0.00277  0.00277  0.50   86998     241   86878  3115526  35.81
1960-1969       39      0.00290  0.00290  0.50   86757     252   86631  3028649  34.91
1960-1969       40      0.00317  0.00317  0.50   86506     274   86369  2942017  34.01
1960-1969       41      0.00323  0.00323  0.50   86232     278   86093  2855648  33.12
1960-1969       42      0.00357  0.00356  0.50   85954     306   85801  2769556  32.22
1960-1969       43      0.00380  0.00379  0.50   85648     325   85485  2683755  31.33
1960-1969       44      0.00404  0.00403  0.50   85323     344   85151  2598269  30.45
1960-1969       45      0.00437  0.00436  0.50   84979     370   84794  2513118  29.57
1960-1969       46      0.00456  0.00455  0.50   84609     385   84416  2428324  28.70
1960-1969       47      0.00491  0.00489  0.50   84223     412   84017  2343908  27.83
1960-1969       48      0.00555  0.00553  0.50   83811     463   83580  2259891  26.96
1960-1969       49      0.00595  0.00594  0.50   83348     495   83100  2176312  26.11
1960-1969       50      0.00660  0.00658  0.50   82853     545   82580  2093211  25.26
1960-1969       51      0.00673  0.00671  0.50   82308     552   82032  2010631  24.43
1960-1969       52      0.00776  0.00773  0.50   81756     632   81440  1928599  23.59
1960-1969       53      0.00837  0.00833  0.50   81124     676   80786  1847160  22.77
1960-1969       54      0.00905  0.00901  0.50   80448     725   80085  1766374  21.96
1960-1969       55      0.00961  0.00957  0.50   79722     763   79341  1686289  21.15
1960-1969       56      0.01062  0.01057  0.50   78960     834   78542  1606948  20.35
1960-1969       57      0.01149  0.01143  0.50   78125     893   77679  1528405  19.56
1960-1969       58      0.01269  0.01261  0.50   77232     974   76745  1450727  18.78
1960-1969       59      0.01371  0.01361  0.50   76258    1038   75739  1373981  18.02
1960-1969       60      0.01562  0.01550  0.50   75220    1166   74637  1298242  17.26
1960-1969       61      0.01597  0.01585  0.50   74054    1174   73468  1223604  16.52
1960-1969       62      0.01821  0.01805  0.50   72881    1315   72223  1150137  15.78
1960-1969       63      0.02008  0.01988  0.50   71566    1423   70854  1077914  15.06
1960-1969       64      0.02211  0.02186  0.50   70143    1534   69376  1007059  14.36
1960-1969       65      0.02436  0.02406  0.50   68609    1651   67784   937683  13.67
1960-1969       66      0.02692  0.02656  0.50   66958    1779   66069   869900  12.99
1960-1969       67      0.02966  0.02923  0.50   65180    1905   64227   803831  12.33
1960-1969       68      0.03364  0.03308  0.50   63275    2093   62228   739603  11.69
1960-1969       69      0.03634  0.03569  0.50   61181    2183   60090   677375  11.07
1960-1969       70      0.04307  0.04216  0.50   58998    2487   57754   617286  10.46
1960-1969       71      0.04445  0.04348  0.50   56510    2457   55282   559532   9.90
1960-1969       72      0.05240  0.05106  0.50   54053    2760   52673   504250   9.33
1960-1969       73      0.05751  0.05591  0.50   51293    2868   49859   451577   8.80
1960-1969       74      0.06529  0.06322  0.50   48425    3062   46895   401718   8.30
1960-1969       75      0.07232  0.06979  0.50   45364    3166   43781   354823   7.82
1960-1969       76      0.08017  0.07708  0.50   42198    3253   40571   311042   7.37
1960-1969       77      0.08800  0.08429  0.50   38945    3283   37304   270471   6.94
1960-1969       78      0.10090  0.09606  0.50   35662    3426   33949   233168   6.54
1960-1969       79      0.10760  0.10211  0.50   32237    3292   30591   199218   6.18
1960-1969       80      0.11447  0.10828  0.50   28945    3134   27378   168627   5.83
1960-1969       81      0.12024  0.11342  0.50   25811    2927   24347   141249   5.47
1960-1969       82      0.13728  0.12846  0.50   22884    2940   21414   116902   5.11
1960-1969       83      0.14974  0.13931  0.50   19944    2778   18555    95488   4.79
1960-1969       84      0.16585  0.15315  0.50   17166    2629   15851    76934   4.48
1960-1969       85      0.18495  0.16929  0.50   14537    2461   13306    61082   4.20
1960-1969       86      0.19981  0.18166  0.50   12076    2194   10979    47776   3.96
1960-1969       87      0.21380  0.19315  0.50    9882    1909    8928    36797   3.72
1960-1969       88      0.24042  0.21462  0.50    7973    1711    7118    27870   3.50
1960-1969       89      0.25902  0.22932  0.50    6262    1436    5544    20752   3.31
1960-1969       90      0.27149  0.23904  0.50    4826    1154    4249    15208   3.15
1960-1969       91      0.28522  0.24962  0.50    3672     917    3214    10959   2.98
1960-1969       92      0.30971  0.26818  0.50    2756     739    2386     7745   2.81
1960-1969       93      0.32164  0.27708  0.50    2017     559    1737     5359   2.66
1960-1969       94      0.34685  0.29559  0.50    1458     431    1242     3621   2.48
1960-1969       95      0.38967  0.32613  0.50    1027     335     859     2379   2.32
1960-1969       96      0.41545  0.34399  0.50     692     238     573     1519   2.20
1960-1969       97      0.44174  0.36182  0.50     454     164     372      946   2.08
1960-1969       98      0.46840  0.37952  0.50     290     110     235      575   1.98
1960-1969       99      0.49530  0.39699  0.50     180      71     144      340   1.89
1960-1969      100      0.52228  0.41413  0.50     108      45      86      196   1.81
1960-1969      101      0.54917  0.43086  0.50      64      27      50      110   1.73
1960-1969      102      0.57584  0.44711  0.50      36      16      28       60   1.66
1960-1969      103      0.60213  0.46280  0.50      20       9      15       32   1.59
1960-1969      104      0.62789  0.47787  0.50      11       5       8       16   1.54
1960-1969      105      0.65300  0.49227  0.50       6       3       4        8   1.48
1960-1969      106      0.67733  0.50597  0.50       3       1       2        4   1.44
1960-1969      107      0.70077  0.51894  0.50       1       1       1        2   1.39
1960-1969      108      0.72325  0.53117  0.50       1       0       0        1   1.36
1960-1969      109      0.74469  0.54264  0.50       0       0       0        0   1.33
1960-1969      110+     0.76504  1.00000  1.31       0       0       0        0   1.31
1970-1979        0      0.04056  0.03926  0.18  100000    3926   96780  6917251  69.17
1970-1979        1      0.00424  0.00423  0.50   96074     406   95871  6820471  70.99
1970-1979        2      0.00204  0.00203  0.50   95668     195   95571  6724600  70.29
1970-1979        3      0.00142  0.00142  0.50   95474     135   95406  6629029  69.43
1970-1979        4      0.00107  0.00107  0.50   95338     102   95287  6533623  68.53
1970-1979        5      0.00090  0.00090  0.50   95236      86   95193  6438336  67.60
1970-1979        6      0.00083  0.00082  0.50   95150      78   95111  6343143  66.66
1970-1979        7      0.00068  0.00068  0.50   95072      65   95039  6248032  65.72
1970-1979        8      0.00061  0.00061  0.50   95007      58   94978  6152993  64.76
1970-1979        9      0.00062  0.00062  0.50   94949      59   94920  6058015  63.80
1970-1979       10      0.00055  0.00055  0.50   94890      52   94864  5963096  62.84
1970-1979       11      0.00056  0.00056  0.50   94838      53   94812  5868232  61.88
1970-1979       12      0.00052  0.00052  0.50   94785      50   94760  5773420  60.91
1970-1979       13      0.00060  0.00060  0.50   94736      57   94707  5678659  59.94
1970-1979       14      0.00067  0.00067  0.50   94679      64   94647  5583952  58.98
1970-1979       15      0.00073  0.00073  0.50   94615      69   94580  5489305  58.02
1970-1979       16      0.00092  0.00092  0.50   94546      87   94502  5394725  57.06
1970-1979       17      0.00104  0.00104  0.50   94459      98   94410  5300222  56.11
1970-1979       18      0.00117  0.00117  0.50   94361     110   94306  5205812  55.17
1970-1979       19      0.00132  0.00132  0.50   94251     124   94189  5111506  54.23
1970-1979       20      0.00129  0.00129  0.50   94126     121   94066  5017318  53.30
1970-1979       21      0.00135  0.00135  0.50   94005     127   93941  4923252  52.37
1970-1979       22      0.00117  0.00117  0.50   93878     110   93823  4829311  51.44
1970-1979       23      0.00127  0.00127  0.50   93768     119   93708  4735488  50.50
1970-1979       24      0.00132  0.00132  0.50   93649     124   93587  4641779  49.57
1970-1979       25      0.00130  0.00130  0.50   93525     121   93465  4548192  48.63
1970-1979       26      0.00128  0.00128  0.50   93404     119   93344  4454728  47.69
1970-1979       27      0.00129  0.00129  0.50   93285     120   93225  4361383  46.75
1970-1979       28      0.00130  0.00130  0.50   93165     121   93104  4268159  45.81
1970-1979       29      0.00127  0.00127  0.50   93044     118   92985  4175054  44.87
1970-1979       30      0.00140  0.00140  0.50   92926     130   92861  4082069  43.93
1970-1979       31      0.00146  0.00146  0.50   92795     135   92728  3989209  42.99
1970-1979       32      0.00159  0.00159  0.50   92660     147   92587  3896481  42.05
1970-1979       33      0.00166  0.00166  0.50   92513     154   92437  3803894  41.12
1970-1979       34      0.00176  0.00176  0.50   92360     163   92278  3711457  40.18
1970-1979       35      0.00190  0.00190  0.50   92197     175   92110  3619179  39.25
1970-1979       36      0.00200  0.00200  0.50   92022     184   91930  3527069  38.33
1970-1979       37      0.00214  0.00214  0.50   91838     196   91740  3435139  37.40
1970-1979       38      0.00240  0.00240  0.50   91642     220   91532  3343399  36.48
1970-1979       39      0.00259  0.00259  0.50   91422     236   91304  3251868  35.57
1970-1979       40      0.00278  0.00278  0.50   91186     253   91059  3160564  34.66
1970-1979       41      0.00291  0.00290  0.50   90933     264   90801  3069505  33.76
1970-1979       42      0.00323  0.00323  0.50   90669     293   90522  2978704  32.85
1970-1979       43      0.00354  0.00354  0.50   90376     320   90216  2888182  31.96
1970-1979       44      0.00374  0.00374  0.50   90056     336   89888  2797966  31.07
1970-1979       45      0.00408  0.00408  0.50   89720     366   89537  2708078  30.18
1970-1979       46      0.00437  0.00436  0.50   89354     390   89159  2618541  29.31
1970-1979       47      0.00478  0.00476  0.50   88964     424   88752  2529382  28.43
1970-1979       48      0.00533  0.00532  0.50   88540     471   88305  2440630  27.57
1970-1979       49      0.00558  0.00556  0.50   88069     490   87825  2352325  26.71
1970-1979       50      0.00614  0.00612  0.50   87580     536   87311  2264500  25.86
1970-1979       51      0.00631  0.00629  0.50   87043     548   86770  2177189  25.01
1970-1979       52      0.00716  0.00713  0.50   86496     617   86187  2090419  24.17
1970-1979       53      0.00783  0.00780  0.50   85879     669   85544  2004232  23.34
1970-1979       54      0.00818  0.00815  0.50   85209     694   84862  1918688  22.52
1970-1979       55      0.00884  0.00880  0.50   84515     744   84143  1833825  21.70
1970-1979       56      0.00971  0.00966  0.50   83771     809   83366  1749682  20.89
1970-1979       57      0.01047  0.01041  0.50   82962     864   82530  1666316  20.09
1970-1979       58      0.01162  0.01155  0.50   82098     948   81624  1583786  19.29
1970-1979       59      0.01254  0.01246  0.50   81150    1011   80644  1502162  18.51
1970-1979       60      0.01417  0.01407  0.50   80138    1128   79574  1421518  17.74
1970-1979       61      0.01517  0.01505  0.50   79010    1189   78416  1341944  16.98
1970-1979       62      0.01717  0.01703  0.50   77821    1325   77159  1263528  16.24
1970-1979       63      0.01892  0.01874  0.50   76496    1434   75779  1186369  15.51
1970-1979       64      0.02048  0.02028  0.50   75062    1522   74301  1110590  14.80
1970-1979       65      0.02243  0.02219  0.50   73540    1632   72725  1036289  14.09
1970-1979       66      0.02459  0.02429  0.50   71909    1746   71036   963564  13.40
1970-1979       67      0.02738  0.02701  0.50   70162    1895   69215   892529  12.72
1970-1979       68      0.03105  0.03058  0.50   68267    2088   67224   823314  12.06
1970-1979       69      0.03436  0.03378  0.50   66180    2236   65062   756090  11.42
1970-1979       70      0.03861  0.03788  0.50   63944    2422   62733   691028  10.81
1970-1979       71      0.04215  0.04128  0.50   61522    2540   60252   628295  10.21
1970-1979       72      0.04822  0.04709  0.50   58982    2777   57594   568042   9.63
1970-1979       73      0.05401  0.05259  0.50   56205    2956   54727   510449   9.08
1970-1979       74      0.06087  0.05908  0.50   53249    3146   51676   455722   8.56
1970-1979       75      0.06872  0.06644  0.50   50103    3329   48439   404045   8.06
1970-1979       76      0.07588  0.07311  0.50   46774    3419   45065   355607   7.60
1970-1979       77      0.08420  0.08080  0.50   43355    3503   41603   310542   7.16
1970-1979       78      0.09627  0.09185  0.50   39852    3660   38022   268938   6.75
1970-1979       79      0.10750  0.10201  0.50   36192    3692   34346   230917   6.38
1970-1979       80      0.10586  0.10054  0.50   32500    3268   30866   196571   6.05
1970-1979       81      0.11419  0.10802  0.50   29232    3158   27653   165705   5.67
1970-1979       82      0.12992  0.12200  0.50   26075    3181   24484   138051   5.29
1970-1979       83      0.14131  0.13199  0.50   22894    3022   21383   113567   4.96
1970-1979       84      0.15803  0.14646  0.50   19872    2910   18417    92185   4.64
1970-1979       85      0.16929  0.15608  0.50   16961    2647   15638    73768   4.35
1970-1979       86      0.19035  0.17381  0.50   14314    2488   13070    58130   4.06
1970-1979       87      0.20677  0.18740  0.50   11826    2216   10718    45060   3.81
1970-1979       88      0.22728  0.20409  0.50    9610    1961    8629    34342   3.57
1970-1979       89      0.25082  0.22287  0.50    7649    1705    6796    25712   3.36
1970-1979       90      0.26579  0.23461  0.50    5944    1395    5247    18916   3.18
1970-1979       91      0.28024  0.24580  0.50    4550    1118    3990    13669   3.00
1970-1979       92      0.30384  0.26377  0.50    3431     905    2979     9679   2.82
1970-1979       93      0.32012  0.27595  0.50    2526     697    2178     6700   2.65
1970-1979       94      0.35106  0.29864  0.50    1829     546    1556     4522   2.47
1970-1979       95      0.38803  0.32498  0.50    1283     417    1074     2966   2.31
1970-1979       96      0.41547  0.34401  0.50     866     298     717     1892   2.18
1970-1979       97      0.44353  0.36302  0.50     568     206     465     1175   2.07
1970-1979       98      0.47201  0.38188  0.50     362     138     293      710   1.96
1970-1979       99      0.50074  0.40047  0.50     224      90     179      417   1.87
1970-1979      100      0.52952  0.41867  0.50     134      56     106      238   1.78
1970-1979      101      0.55816  0.43638  0.50      78      34      61      132   1.70
1970-1979      102      0.58648  0.45349  0.50      44      20      34       71   1.63
1970-1979      103      0.61428  0.46994  0.50      24      11      18       38   1.56
1970-1979      104      0.64139  0.48565  0.50      13       6      10       19   1.50
1970-1979      105      0.66767  0.50057  0.50       7       3       5        9   1.45
1970-1979      106      0.69298  0.51466  0.50       3       2       2        5   1.40
1970-1979      107      0.71722  0.52790  0.50       2       1       1        2   1.36
1970-1979      108      0.74028  0.54029  0.50       1       0       1        1   1.33
1970-1979      109      0.76211  0.55183  0.50       0       0       0        0   1.30
1970-1979      110+     0.78267  1.00000  1.28       0       0       0        0   1.28
1980-1989        0      0.01797  0.01769  0.11  100000    1769   98430  7312762  73.13
1980-1989        1      0.00170  0.00170  0.50   98231     167   98148  7214332  73.44
1980-1989        2      0.00105  0.00105  0.50   98064     103   98013  7116184  72.57
1980-1989        3      0.00077  0.00077  0.50   97961      75   97923  7018172  71.64
1980-1989        4      0.00064  0.00064  0.50   97886      62   97855  6920248  70.70
1980-1989        5      0.00053  0.00053  0.50   97824      52   97798  6822393  69.74
1980-1989        6      0.00046  0.00046  0.50   97772      45   97750  6724595  68.78
1980-1989        7      0.00049  0.00049  0.50   97727      48   97703  6626846  67.81
1980-1989        8      0.00040  0.00040  0.50   97679      40   97660  6529142  66.84
1980-1989        9      0.00039  0.00039  0.50   97640      39   97621  6431483  65.87
1980-1989       10      0.00039  0.00039  0.50   97601      38   97582  6333862  64.90
1980-1989       11      0.00040  0.00040  0.50   97563      39   97543  6236280  63.92
1980-1989       12      0.00039  0.00039  0.50   97524      38   97505  6138736  62.95
1980-1989       13      0.00043  0.00043  0.50   97485      42   97464  6041232  61.97
1980-1989       14      0.00054  0.00054  0.50   97443      53   97417  5943768  61.00
1980-1989       15      0.00068  0.00068  0.50   97391      66   97357  5846351  60.03
1980-1989       16      0.00091  0.00091  0.50   97324      88   97280  5748993  59.07
1980-1989       17      0.00105  0.00105  0.50   97236     102   97185  5651713  58.12
1980-1989       18      0.00122  0.00122  0.50   97134     119   97074  5554529  57.18
1980-1989       19      0.00131  0.00130  0.50   97015     127   96952  5457454  56.25
1980-1989       20      0.00131  0.00131  0.50   96888     127   96825  5360503  55.33
1980-1989       21      0.00126  0.00126  0.50   96762     122   96701  5263678  54.40
1980-1989       22      0.00127  0.00127  0.50   96640     123   96579  5166977  53.47
1980-1989       23      0.00123  0.00123  0.50   96517     118   96458  5070398  52.53
1980-1989       24      0.00119  0.00119  0.50   96399     114   96342  4973940  51.60
1980-1989       25      0.00119  0.00119  0.50   96285     114   96227  4877598  50.66
1980-1989       26      0.00121  0.00121  0.50   96170     116   96112  4781370  49.72
1980-1989       27      0.00122  0.00122  0.50   96054     117   95995  4685259  48.78
1980-1989       28      0.00124  0.00123  0.50   95936     118   95877  4589263  47.84
1980-1989       29      0.00131  0.00131  0.50   95818     125   95755  4493386  46.90
1980-1989       30      0.00134  0.00134  0.50   95693     128   95629  4397631  45.96
1980-1989       31      0.00137  0.00137  0.50   95565     131   95500  4302002  45.02
1980-1989       32      0.00136  0.00136  0.50   95434     130   95369  4206503  44.08
1980-1989       33      0.00144  0.00144  0.50   95304     137   95236  4111133  43.14
1980-1989       34      0.00149  0.00148  0.50   95167     141   95096  4015898  42.20
1980-1989       35      0.00159  0.00159  0.50   95026     151   94950  3920801  41.26
1980-1989       36      0.00165  0.00165  0.50   94875     156   94797  3825851  40.33
1980-1989       37      0.00181  0.00180  0.50   94719     171   94633  3731054  39.39
1980-1989       38      0.00195  0.00195  0.50   94548     184   94456  3636420  38.46
1980-1989       39      0.00202  0.00202  0.50   94364     191   94269  3541964  37.54
1980-1989       40      0.00228  0.00227  0.50   94173     214   94066  3447696  36.61
1980-1989       41      0.00248  0.00247  0.50   93959     232   93843  3353629  35.69
1980-1989       42      0.00264  0.00263  0.50   93727     247   93603  3259786  34.78
1980-1989       43      0.00285  0.00285  0.50   93480     266   93347  3166183  33.87
1980-1989       44      0.00312  0.00311  0.50   93214     290   93069  3072836  32.97
1980-1989       45      0.00336  0.00336  0.50   92924     312   92768  2979767  32.07
1980-1989       46      0.00370  0.00370  0.50   92612     342   92441  2886999  31.17
1980-1989       47      0.00403  0.00402  0.50   92269     371   92084  2794559  30.29
1980-1989       48      0.00451  0.00450  0.50   91898     414   91692  2702475  29.41
1980-1989       49      0.00477  0.00476  0.50   91485     435   91267  2610783  28.54
1980-1989       50      0.00531  0.00529  0.50   91049     482   90808  2519516  27.67
1980-1989       51      0.00577  0.00575  0.50   90567     521   90307  2428708  26.82
1980-1989       52      0.00600  0.00598  0.50   90047     538   89777  2338401  25.97
1980-1989       53      0.00651  0.00649  0.50   89508     581   89218  2248623  25.12
1980-1989       54      0.00718  0.00715  0.50   88927     636   88609  2159406  24.28
1980-1989       55      0.00769  0.00766  0.50   88291     677   87953  2070797  23.45
1980-1989       56      0.00836  0.00833  0.50   87614     730   87249  1982844  22.63
1980-1989       57      0.00906  0.00902  0.50   86884     784   86493  1895595  21.82
1980-1989       58      0.00993  0.00988  0.50   86101     850   85675  1809102  21.01
1980-1989       59      0.01063  0.01057  0.50   85250     901   84800  1723427  20.22
1980-1989       60      0.01175  0.01169  0.50   84349     986   83856  1638627  19.43
1980-1989       61      0.01260  0.01252  0.50   83363    1044   82842  1554771  18.65
1980-1989       62      0.01369  0.01360  0.50   82320    1119   81760  1471929  17.88
1980-1989       63      0.01519  0.01507  0.50   81200    1224   80588  1390169  17.12
1980-1989       64      0.01640  0.01626  0.50   79976    1301   79326  1309581  16.37
1980-1989       65      0.01805  0.01789  0.50   78676    1408   77972  1230255  15.64
1980-1989       66      0.01990  0.01970  0.50   77268    1522   76507  1152283  14.91
1980-1989       67      0.02203  0.02179  0.50   75745    1651   74920  1075777  14.20
1980-1989       68      0.02446  0.02417  0.50   74095    1791   73200  1000857  13.51
1980-1989       69      0.02682  0.02646  0.50   72304    1913   71348   927657  12.83
1980-1989       70      0.03101  0.03054  0.50   70391    2150   69316   856310  12.17
1980-1989       71      0.03331  0.03276  0.50   68241    2236   67123   786994  11.53
1980-1989       72      0.03764  0.03695  0.50   66006    2439   64786   719870  10.91
1980-1989       73      0.04157  0.04072  0.50   63567    2588   62272   655084  10.31
1980-1989       74      0.04703  0.04595  0.50   60978    2802   59577   592812   9.72
1980-1989       75      0.05232  0.05099  0.50   58176    2966   56693   533235   9.17
1980-1989       76      0.05943  0.05771  0.50   55210    3186   53617   476541   8.63
1980-1989       77      0.06610  0.06399  0.50   52024    3329   50359   422925   8.13
1980-1989       78      0.07447  0.07180  0.50   48695    3496   46947   372565   7.65
1980-1989       79      0.08300  0.07970  0.50   45198    3602   43397   325619   7.20
1980-1989       80      0.08791  0.08421  0.50   41596    3503   39845   282221   6.78
1980-1989       81      0.09666  0.09220  0.50   38093    3512   36337   242377   6.36
1980-1989       82      0.10684  0.10142  0.50   34581    3507   32828   206039   5.96
1980-1989       83      0.12002  0.11323  0.50   31074    3518   29315   173212   5.57
1980-1989       84      0.13063  0.12262  0.50   27556    3379   25866   143897   5.22
1980-1989       85      0.14568  0.13579  0.50   24177    3283   22535   118031   4.88
1980-1989       86      0.16078  0.14882  0.50   20894    3109   19339    95496   4.57
1980-1989       87      0.17475  0.16070  0.50   17784    2858   16355    76157   4.28
1980-1989       88      0.19378  0.17667  0.50   14926    2637   13608    59801   4.01
1980-1989       89      0.21041  0.19038  0.50   12289    2340   11120    46193   3.76
1980-1989       90      0.23204  0.20791  0.50    9950    2069    8915    35074   3.53
1980-1989       91      0.24543  0.21861  0.50    7881    1723    7020    26158   3.32
1980-1989       92      0.26903  0.23713  0.50    6158    1460    5428    19139   3.11
1980-1989       93      0.28837  0.25203  0.50    4698    1184    4106    13711   2.92
1980-1989       94      0.31025  0.26858  0.50    3514     944    3042     9605   2.73
1980-1989       95      0.34340  0.29308  0.50    2570     753    2193     6563   2.55
1980-1989       96      0.36967  0.31200  0.50    1817     567    1533     4369   2.40
1980-1989       97      0.39680  0.33111  0.50    1250     414    1043     2836   2.27
1980-1989       98      0.42465  0.35027  0.50     836     293     690     1793   2.14
1980-1989       99      0.45305  0.36937  0.50     543     201     443     1103   2.03
1980-1989      100      0.48182  0.38828  0.50     343     133     276      660   1.93
1980-1989      101      0.51078  0.40687  0.50     210      85     167      384   1.83
1980-1989      102      0.53973  0.42503  0.50     124      53      98      217   1.75
1980-1989      103      0.56847  0.44265  0.50      71      32      56      119   1.67
1980-1989      104      0.59682  0.45965  0.50      40      18      31       64   1.60
1980-1989      105      0.62458  0.47595  0.50      22      10      16       33   1.54
1980-1989      106      0.65159  0.49147  0.50      11       6       9       17   1.48
1980-1989      107      0.67771  0.50618  0.50       6       3       4        8   1.43
1980-1989      108      0.70280  0.52005  0.50       3       1       2        4   1.39
1980-1989      109      0.72675  0.53305  0.50       1       1       1        2   1.36
1980-1989      110+     0.74950  1.00000  1.33       1       1       1        1   1.33
1990-1999        0      0.00809  0.00804  0.13  100000     804   99303  7532618  75.33
1990-1999        1      0.00090  0.00090  0.50   99196      90   99152  7433315  74.94
1990-1999        2      0.00059  0.00059  0.50   99107      58   99078  7334164  74.00
1990-1999        3      0.00049  0.00049  0.50   99049      49   99024  7235086  73.05
1990-1999        4      0.00042  0.00042  0.50   99000      42   98979  7136062  72.08
1990-1999        5      0.00039  0.00039  0.50   98958      38   98939  7037083  71.11
1990-1999        6      0.00034  0.00034  0.50   98920      34   98903  6938144  70.14
1990-1999        7      0.00033  0.00033  0.50   98886      33   98869  6839241  69.16
1990-1999        8      0.00030  0.00030  0.50   98853      30   98838  6740372  68.19
1990-1999        9      0.00029  0.00029  0.50   98823      29   98809  6641534  67.21
1990-1999       10      0.00033  0.00033  0.50   98795      32   98778  6542725  66.23
1990-1999       11      0.00032  0.00032  0.50   98762      31   98747  6443947  65.25
1990-1999       12      0.00031  0.00031  0.50   98731      30   98716  6345200  64.27
1990-1999       13      0.00033  0.00033  0.50   98701      33   98684  6246485  63.29
1990-1999       14      0.00041  0.00041  0.50   98668      40   98648  6147800  62.31
1990-1999       15      0.00052  0.00052  0.50   98628      51   98602  6049152  61.33
1990-1999       16      0.00068  0.00068  0.50   98577      67   98543  5950550  60.36
1990-1999       17      0.00086  0.00086  0.50   98510      85   98468  5852006  59.41
1990-1999       18      0.00098  0.00098  0.50   98425      97   98377  5753539  58.46
1990-1999       19      0.00107  0.00107  0.50   98329     105   98276  5655162  57.51
1990-1999       20      0.00110  0.00110  0.50   98224     108   98170  5556885  56.57
1990-1999       21      0.00119  0.00119  0.50   98116     117   98057  5458716  55.64
1990-1999       22      0.00114  0.00114  0.50   97999     111   97943  5360658  54.70
1990-1999       23      0.00119  0.00119  0.50   97887     117   97829  5262715  53.76
1990-1999       24      0.00124  0.00124  0.50   97771     121   97710  5164886  52.83
1990-1999       25      0.00129  0.00129  0.50   97650     126   97587  5067176  51.89
1990-1999       26      0.00136  0.00136  0.50   97524     133   97457  4969590  50.96
1990-1999       27      0.00136  0.00136  0.50   97391     133   97325  4872132  50.03
1990-1999       28      0.00142  0.00141  0.50   97258     138   97190  4774807  49.09
1990-1999       29      0.00142  0.00142  0.50   97121     137   97052  4677618  48.16
1990-1999       30      0.00150  0.00150  0.50   96983     146   96911  4580566  47.23
1990-1999       31      0.00154  0.00154  0.50   96838     149   96763  4483655  46.30
1990-1999       32      0.00156  0.00156  0.50   96689     150   96613  4386892  45.37
1990-1999       33      0.00165  0.00165  0.50   96538     159   96459  4290278  44.44
1990-1999       34      0.00174  0.00174  0.50   96379     167   96295  4193820  43.51
1990-1999       35      0.00181  0.00180  0.50   96212     174   96125  4097524  42.59
1990-1999       36      0.00187  0.00186  0.50   96038     179   95948  4001399  41.66
1990-1999       37      0.00190  0.00190  0.50   95859     182   95768  3905451  40.74
1990-1999       38      0.00201  0.00200  0.50   95677     192   95581  3809683  39.82
1990-1999       39      0.00211  0.00211  0.50   95485     202   95385  3714102  38.90
1990-1999       40      0.00227  0.00227  0.50   95284     216   95176  3618717  37.98
1990-1999       41      0.00234  0.00233  0.50   95068     222   94957  3523541  37.06
1990-1999       42      0.00254  0.00253  0.50   94846     240   94726  3428584  36.15
1990-1999       43      0.00263  0.00263  0.50   94605     249   94481  3333859  35.24
1990-1999       44      0.00273  0.00273  0.50   94357     258   94228  3239378  34.33
1990-1999       45      0.00307  0.00307  0.50   94099     289   93955  3145150  33.42
1990-1999       46      0.00323  0.00323  0.50   93811     303   93659  3051195  32.53
1990-1999       47      0.00345  0.00345  0.50   93508     322   93347  2957536  31.63
1990-1999       48      0.00366  0.00366  0.50   93186     341   93015  2864189  30.74
1990-1999       49      0.00401  0.00400  0.50   92845     372   92659  2771174  29.85
1990-1999       50      0.00443  0.00442  0.50   92473     409   92269  2678515  28.97
1990-1999       51      0.00472  0.00470  0.50   92064     433   91848  2586246  28.09
1990-1999       52      0.00511  0.00510  0.50   91631     467   91398  2494398  27.22
1990-1999       53      0.00570  0.00568  0.50   91164     518   90905  2403001  26.36
1990-1999       54      0.00586  0.00584  0.50   90646     529   90382  2312096  25.51
1990-1999       55      0.00658  0.00656  0.50   90117     591   89822  2221714  24.65
1990-1999       56      0.00710  0.00707  0.50   89526     633   89210  2131892  23.81
1990-1999       57      0.00769  0.00766  0.50   88893     681   88553  2042683  22.98
1990-1999       58      0.00826  0.00823  0.50   88212     726   87849  1954130  22.15
1990-1999       59      0.00925  0.00921  0.50   87486     806   87084  1866281  21.33
1990-1999       60      0.01005  0.01000  0.50   86681     867   86247  1779197  20.53
1990-1999       61      0.01085  0.01079  0.50   85814     926   85351  1692950  19.73
1990-1999       62      0.01166  0.01159  0.50   84888     984   84396  1607600  18.94
1990-1999       63      0.01302  0.01294  0.50   83904    1086   83361  1523204  18.15
1990-1999       64      0.01427  0.01417  0.50   82818    1173   82231  1439843  17.39
1990-1999       65      0.01587  0.01574  0.50   81645    1285   81002  1357612  16.63
1990-1999       66      0.01712  0.01697  0.50   80360    1364   79678  1276609  15.89
1990-1999       67      0.01901  0.01883  0.50   78996    1488   78252  1196932  15.15
1990-1999       68      0.02103  0.02081  0.50   77508    1613   76702  1118680  14.43
1990-1999       69      0.02339  0.02312  0.50   75895    1755   75018  1041978  13.73
1990-1999       70      0.02598  0.02564  0.50   74140    1901   73190   966960  13.04
1990-1999       71      0.02871  0.02831  0.50   72239    2045   71217   893771  12.37
1990-1999       72      0.03165  0.03116  0.50   70194    2187   69101   822554  11.72
1990-1999       73      0.03550  0.03488  0.50   68007    2372   66821   753453  11.08
1990-1999       74      0.04021  0.03942  0.50   65635    2587   64341   686632  10.46
1990-1999       75      0.04475  0.04377  0.50   63048    2760   61668   622290   9.87
1990-1999       76      0.05011  0.04889  0.50   60288    2947   58814   560623   9.30
1990-1999       77      0.05628  0.05474  0.50   57341    3139   55771   501809   8.75
1990-1999       78      0.06335  0.06141  0.50   54202    3328   52537   446038   8.23
1990-1999       79      0.07070  0.06829  0.50   50873    3474   49136   393500   7.73
1990-1999       80      0.07650  0.07368  0.50   47399    3493   45653   344364   7.27
1990-1999       81      0.08419  0.08079  0.50   43907    3547   42133   298711   6.80
1990-1999       82      0.09414  0.08991  0.50   40359    3629   38545   256578   6.36
1990-1999       83      0.10593  0.10060  0.50   36731    3695   34883   218033   5.94
1990-1999       84      0.11763  0.11110  0.50   33036    3670   31200   183150   5.54
1990-1999       85      0.13066  0.12264  0.50   29365    3602   27565   151950   5.17
1990-1999       86      0.14490  0.13511  0.50   25764    3481   24023   124385   4.83
1990-1999       87      0.16089  0.14891  0.50   22283    3318   20624   100362   4.50
1990-1999       88      0.17739  0.16294  0.50   18965    3090   17420    79738   4.20
1990-1999       89      0.19514  0.17779  0.50   15875    2822   14463    62318   3.93
1990-1999       90      0.21412  0.19341  0.50   13052    2525   11790    47855   3.67
1990-1999       91      0.23336  0.20897  0.50   10528    2200    9428    36065   3.43
1990-1999       92      0.26169  0.23141  0.50    8328    1927    7364    26637   3.20
1990-1999       93      0.27470  0.24153  0.50    6401    1546    5628    19273   3.01
1990-1999       94      0.29573  0.25764  0.50    4855    1251    4229    13645   2.81
1990-1999       95      0.33091  0.28394  0.50    3604    1023    3092     9416   2.61
1990-1999       96      0.35849  0.30400  0.50    2581     785    2188     6323   2.45
1990-1999       97      0.38713  0.32435  0.50    1796     583    1505     4135   2.30
1990-1999       98      0.41667  0.34483  0.50    1214     418    1004     2630   2.17
1990-1999       99      0.44691  0.36529  0.50     795     290     650     1626   2.04
1990-1999      100      0.47765  0.38557  0.50     505     195     407      976   1.93
1990-1999      101      0.50865  0.40552  0.50     310     126     247      568   1.83
1990-1999      102      0.53967  0.42499  0.50     184      78     145      321   1.74
1990-1999      103      0.57046  0.44386  0.50     106      47      82      176   1.66
1990-1999      104      0.60079  0.46201  0.50      59      27      45       94   1.59
1990-1999      105      0.63043  0.47934  0.50      32      15      24       48   1.52
1990-1999      106      0.65918  0.49578  0.50      17       8      12       24   1.47
1990-1999      107      0.68686  0.51127  0.50       8       4       6       12   1.41
1990-1999      108      0.71331  0.52579  0.50       4       2       3        6   1.37
1990-1999      109      0.73842  0.53930  0.50       2       1       1        3   1.33
1990-1999      110+     0.76210  1.00000  1.31       1       1       1        1   1.31
2000-2009        0      0.00411  0.00409  0.14  100000     409   99648  7833445  78.33
2000-2009        1      0.00045  0.00045  0.50   99591      45   99568  7733797  77.66
2000-2009        2      0.00031  0.00031  0.50   99546      31   99531  7634229  76.69
2000-2009        3      0.00021  0.00021  0.50   99515      20   99505  7534698  75.71
2000-2009        4      0.00018  0.00018  0.50   99495      18   99486  7435193  74.73
2000-2009        5      0.00017  0.00017  0.50   99477      17   99468  7335708  73.74
2000-2009        6      0.00016  0.00016  0.50   99460      16   99452  7236239  72.76
2000-2009        7      0.00017  0.00017  0.50   99444      17   99435  7136788  71.77
2000-2009        8      0.00016  0.00016  0.50   99427      16   99419  7037352  70.78
2000-2009        9      0.00015  0.00015  0.50   99411      15   99403  6937934  69.79
2000-2009       10      0.00016  0.00016  0.50   99396      16   99388  6838530  68.80
2000-2009       11      0.00017  0.00017  0.50   99380      17   99371  6739143  67.81
2000-2009       12      0.00018  0.00018  0.50   99363      18   99354  6639772  66.82
2000-2009       13      0.00019  0.00019  0.50   99345      19   99335  6540418  65.84
2000-2009       14      0.00024  0.00024  0.50   99326      23   99314  6441083  64.85
2000-2009       15      0.00032  0.00032  0.50   99302      32   99286  6341769  63.86
2000-2009       16      0.00039  0.00039  0.50   99270      39   99251  6242483  62.88
2000-2009       17      0.00043  0.00043  0.50   99231      43   99210  6143233  61.91
2000-2009       18      0.00056  0.00056  0.50   99189      56   99161  6044023  60.93
2000-2009       19      0.00061  0.00061  0.50   99133      60   99102  5944862  59.97
2000-2009       20      0.00067  0.00067  0.50   99072      66   99039  5845760  59.00
2000-2009       21      0.00067  0.00067  0.50   99006      66   98973  5746721  58.04
2000-2009       22      0.00073  0.00073  0.50   98940      72   98904  5647747  57.08
2000-2009       23      0.00067  0.00067  0.50   98868      66   98835  5548843  56.12
2000-2009       24      0.00075  0.00075  0.50   98802      74   98765  5450009  55.16
2000-2009       25      0.00073  0.00073  0.50   98728      72   98692  5351244  54.20
2000-2009       26      0.00078  0.00078  0.50   98656      77   98617  5252552  53.24
2000-2009       27      0.00084  0.00084  0.50   98579      83   98537  5153935  52.28
2000-2009       28      0.00087  0.00087  0.50   98496      85   98453  5055398  51.33
2000-2009       29      0.00091  0.00091  0.50   98411      90   98366  4956945  50.37
2000-2009       30      0.00096  0.00096  0.50   98321      95   98273  4858579  49.42
2000-2009       31      0.00102  0.00102  0.50   98226     100   98176  4760306  48.46
2000-2009       32      0.00110  0.00110  0.50   98126     108   98072  4662130  47.51
2000-2009       33      0.00119  0.00119  0.50   98018     117   97959  4564058  46.56
2000-2009       34      0.00126  0.00126  0.50   97901     123   97839  4466099  45.62
2000-2009       35      0.00134  0.00134  0.50   97777     131   97712  4368260  44.68
2000-2009       36      0.00144  0.00143  0.50   97646     140   97576  4270548  43.73
2000-2009       37      0.00154  0.00153  0.50   97506     150   97432  4172972  42.80
2000-2009       38      0.00161  0.00161  0.50   97357     156   97278  4075540  41.86
2000-2009       39      0.00181  0.00181  0.50   97200     176   97112  3978262  40.93
2000-2009       40      0.00192  0.00192  0.50   97024     186   96931  3881149  40.00
2000-2009       41      0.00200  0.00200  0.50   96838     194   96742  3784218  39.08
2000-2009       42      0.00222  0.00222  0.50   96645     215   96537  3687476  38.15
2000-2009       43      0.00239  0.00239  0.50   96430     231   96315  3590939  37.24
2000-2009       44      0.00262  0.00262  0.50   96200     252   96074  3494624  36.33
2000-2009       45      0.00276  0.00276  0.50   95948     265   95815  3398551  35.42
2000-2009       46      0.00294  0.00294  0.50   95683     281   95543  3302735  34.52
2000-2009       47      0.00320  0.00319  0.50   95402     305   95250  3207193  33.62
2000-2009       48      0.00353  0.00352  0.50   95097     335   94930  3111943  32.72
2000-2009       49      0.00370  0.00369  0.50   94763     350   94588  3017013  31.84
2000-2009       50      0.00388  0.00387  0.50   94413     366   94230  2922425  30.95
2000-2009       51      0.00416  0.00415  0.50   94047     390   93852  2828196  30.07
2000-2009       52      0.00445  0.00444  0.50   93657     416   93449  2734343  29.20
2000-2009       53      0.00473  0.00472  0.50   93242     440   93022  2640894  28.32
2000-2009       54      0.00500  0.00499  0.50   92802     463   92570  2547873  27.46
2000-2009       55      0.00534  0.00533  0.50   92339     492   92093  2455302  26.59
2000-2009       56      0.00561  0.00559  0.50   91847     514   91590  2363210  25.73
2000-2009       57      0.00613  0.00612  0.50   91333     559   91054  2271620  24.87
2000-2009       58      0.00669  0.00667  0.50   90774     606   90472  2180566  24.02
2000-2009       59      0.00711  0.00709  0.50   90169     639   89849  2090095  23.18
2000-2009       60      0.00785  0.00782  0.50   89530     700   89180  2000246  22.34
2000-2009       61      0.00843  0.00840  0.50   88830     746   88457  1911066  21.51
2000-2009       62      0.00915  0.00911  0.50   88084     802   87683  1822609  20.69
2000-2009       63      0.00983  0.00978  0.50   87281     854   86854  1734926  19.88
2000-2009       64      0.01080  0.01074  0.50   86427     928   85963  1648072  19.07
2000-2009       65      0.01222  0.01215  0.50   85499    1039   84980  1562108  18.27
2000-2009       66      0.01315  0.01306  0.50   84460    1103   83909  1477129  17.49
2000-2009       67      0.01449  0.01438  0.50   83357    1199   82758  1393220  16.71
2000-2009       68      0.01584  0.01571  0.50   82158    1291   81513  1310462  15.95
2000-2009       69      0.01763  0.01748  0.50   80867    1413   80161  1228949  15.20
2000-2009       70      0.01961  0.01942  0.50   79454    1543   78682  1148788  14.46
2000-2009       71      0.02199  0.02175  0.50   77911    1694   77063  1070106  13.74
2000-2009       72      0.02434  0.02405  0.50   76216    1833   75300   993043  13.03
2000-2009       73      0.02735  0.02698  0.50   74383    2007   73380   917743  12.34
2000-2009       74      0.03096  0.03049  0.50   72376    2207   71273   844363  11.67
2000-2009       75      0.03453  0.03394  0.50   70170    2382   68979   773090  11.02
2000-2009       76      0.03913  0.03838  0.50   67788    2601   66487   704111  10.39
2000-2009       77      0.04387  0.04293  0.50   65187    2798   63787   637624   9.78
2000-2009       78      0.04909  0.04791  0.50   62388    2989   60894   573837   9.20
2000-2009       79      0.05672  0.05515  0.50   59399    3276   57761   512943   8.64
2000-2009       80      0.06105  0.05924  0.50   56123    3325   54461   455182   8.11
2000-2009       81      0.06927  0.06695  0.50   52798    3535   51031   400721   7.59
2000-2009       82      0.07674  0.07391  0.50   49264    3641   47443   349690   7.10
2000-2009       83      0.08548  0.08197  0.50   45623    3740   43753   302247   6.62
2000-2009       84      0.09671  0.09225  0.50   41883    3864   39951   258495   6.17
2000-2009       85      0.10816  0.10261  0.50   38019    3901   36069   218544   5.75
2000-2009       86      0.12182  0.11483  0.50   34118    3918   32159   182475   5.35
2000-2009       87      0.13680  0.12804  0.50   30200    3867   28267   150316   4.98
2000-2009       88      0.15040  0.13988  0.50   26333    3684   24492   122049   4.63
2000-2009       89      0.16902  0.15585  0.50   22650    3530   20885    97558   4.31
2000-2009       90      0.18651  0.17060  0.50   19120    3262   17489    76673   4.01
2000-2009       91      0.20590  0.18668  0.50   15858    2960   14378    59184   3.73
2000-2009       92      0.22610  0.20313  0.50   12898    2620   11588    44806   3.47
2000-2009       93      0.25151  0.22341  0.50   10278    2296    9130    33219   3.23
2000-2009       94      0.27434  0.24125  0.50    7981    1926    7019    24089   3.02
2000-2009       95      0.29846  0.25970  0.50    6056    1573    5270    17070   2.82
2000-2009       96      0.32576  0.28013  0.50    4483    1256    3855    11801   2.63
2000-2009       97      0.35439  0.30105  0.50    3227     972    2742     7946   2.46
2000-2009       98      0.38422  0.32230  0.50    2256     727    1892     5204   2.31
2000-2009       99      0.41504  0.34371  0.50    1529     525    1266     3312   2.17
2000-2009      100      0.44665  0.36511  0.50    1003     366     820     2046   2.04
2000-2009      101      0.47881  0.38632  0.50     637     246     514     1226   1.92
2000-2009      102      0.51125  0.40717  0.50     391     159     311      712   1.82
2000-2009      103      0.54369  0.42748  0.50     232      99     182      400   1.73
2000-2009      104      0.57586  0.44712  0.50     133      59     103      218   1.64
2000-2009      105      0.60748  0.46595  0.50      73      34      56      115   1.57
2000-2009      106      0.63830  0.48387  0.50      39      19      30       59   1.51
2000-2009      107      0.66809  0.50080  0.50      20      10      15       29   1.45
2000-2009      108      0.69666  0.51669  0.50      10       5       7       14   1.40
2000-2009      109      0.72384  0.53149  0.50       5       3       4        7   1.36
2000-2009      110+     0.74951  1.00000  1.33       2       2       3        3   1.33
2010-2019        0      0.00296  0.00295  0.14  100000     295   99747  8100854  81.01
2010-2019        1      0.00025  0.00025  0.50   99705      25   99693  8001106  80.25
2010-2019        2      0.00017  0.00017  0.50   99680      17   99672  7901414  79.27
2010-2019        3      0.00014  0.00014  0.50   99664      14   99657  7801742  78.28
2010-2019        4      0.00012  0.00012  0.50   99650      12   99644  7702085  77.29
2010-2019        5      0.00011  0.00011  0.50   99638      11   99633  7602441  76.30
2010-2019        6      0.00009  0.00009  0.50   99627       9   99623  7502809  75.31
2010-2019        7      0.00009  0.00009  0.50   99618       9   99614  7403186  74.32
2010-2019        8      0.00009  0.00009  0.50   99609       9   99605  7303573  73.32
2010-2019        9      0.00009  0.00009  0.50   99600       9   99596  7203968  72.33
2010-2019       10      0.00009  0.00009  0.50   99591       9   99586  7104373  71.34
2010-2019       11      0.00009  0.00009  0.50   99582       9   99577  7004786  70.34
2010-2019       12      0.00010  0.00010  0.50   99572      10   99568  6905209  69.35
2010-2019       13      0.00010  0.00010  0.50   99563      10   99558  6805642  68.36
2010-2019       14      0.00013  0.00013  0.50   99553      12   99547  6706084  67.36
2010-2019       15      0.00017  0.00017  0.50   99541      17   99532  6606537  66.37
2010-2019       16      0.00021  0.00020  0.50   99524      20   99514  6507004  65.38
2010-2019       17      0.00018  0.00018  0.50   99504      18   99495  6407490  64.39
2010-2019       18      0.00029  0.00029  0.50   99485      28   99471  6307996  63.41
2010-2019       19      0.00032  0.00032  0.50   99457      32   99441  6208525  62.42
2010-2019       20      0.00035  0.00035  0.50   99425      35   99407  6109084  61.44
2010-2019       21      0.00035  0.00035  0.50   99390      35   99372  6009677  60.47
2010-2019       22      0.00037  0.00037  0.50   99355      37   99336  5910304  59.49
2010-2019       23      0.00041  0.00041  0.50   99318      40   99298  5810968  58.51
2010-2019       24      0.00039  0.00039  0.50   99278      38   99258  5711670  57.53
2010-2019       25      0.00042  0.00042  0.50   99239      41   99219  5612412  56.55
2010-2019       26      0.00040  0.00040  0.50   99198      40   99178  5513193  55.58
2010-2019       27      0.00045  0.00045  0.50   99158      45   99136  5414015  54.60
2010-2019       28      0.00045  0.00045  0.50   99113      44   99091  5314879  53.62
2010-2019       29      0.00048  0.00048  0.50   99069      47   99045  5215788  52.65
2010-2019       30      0.00052  0.00052  0.50   99022      52   98996  5116743  51.67
2010-2019       31      0.00055  0.00055  0.50   98970      55   98943  5017747  50.70
2010-2019       32      0.00052  0.00052  0.50   98915      52   98890  4918805  49.73
2010-2019       33      0.00062  0.00062  0.50   98864      61   98833  4819915  48.75
2010-2019       34      0.00071  0.00071  0.50   98803      70   98768  4721082  47.78
2010-2019       35      0.00077  0.00077  0.50   98733      76   98695  4622314  46.82
2010-2019       36      0.00077  0.00077  0.50   98657      76   98619  4523619  45.85
2010-2019       37      0.00084  0.00084  0.50   98580      83   98539  4425000  44.89
2010-2019       38      0.00095  0.00095  0.50   98498      94   98451  4326461  43.92
2010-2019       39      0.00109  0.00109  0.50   98404     107   98350  4228010  42.97
2010-2019       40      0.00119  0.00119  0.50   98297     117   98239  4129660  42.01
2010-2019       41      0.00137  0.00137  0.50   98180     134   98113  4031422  41.06
2010-2019       42      0.00151  0.00151  0.50   98046     148   97972  3933308  40.12
2010-2019       43      0.00162  0.00162  0.50   97898     158   97819  3835336  39.18
2010-2019       44      0.00181  0.00180  0.50   97740     176   97651  3737518  38.24
2010-2019       45      0.00199  0.00199  0.50   97563     194   97466  3639866  37.31
2010-2019       46      0.00223  0.00223  0.50   97369     217   97261  3542400  36.38
2010-2019       47      0.00246  0.00246  0.50   97152     239   97033  3445139  35.46
2010-2019       48      0.00271  0.00270  0.50   96914     262   96783  3348106  34.55
2010-2019       49      0.00291  0.00291  0.50   96652     281   96511  3251323  33.64
2010-2019       50      0.00319  0.00318  0.50   96371     307   96218  3154812  32.74
2010-2019       51      0.00352  0.00351  0.50   96064     337   95896  3058594  31.84
2010-2019       52      0.00391  0.00390  0.50   95727     373   95540  2962699  30.95
2010-2019       53      0.00422  0.00421  0.50   95353     402   95153  2867159  30.07
2010-2019       54      0.00439  0.00438  0.50   94952     416   94744  2772006  29.19
2010-2019       55      0.00486  0.00485  0.50   94536     459   94307  2677263  28.32
2010-2019       56      0.00510  0.00508  0.50   94077     478   93838  2582956  27.46
2010-2019       57      0.00553  0.00551  0.50   93599     516   93341  2489117  26.59
2010-2019       58      0.00590  0.00588  0.50   93083     547   92810  2395776  25.74
2010-2019       59      0.00626  0.00624  0.50   92536     578   92247  2302966  24.89
2010-2019       60      0.00678  0.00676  0.50   91959     622   91648  2210719  24.04
2010-2019       61      0.00740  0.00737  0.50   91337     673   91000  2119071  23.20
2010-2019       62      0.00787  0.00784  0.50   90664     711   90308  2028071  22.37
2010-2019       63      0.00840  0.00836  0.50   89953     752   89577  1937762  21.54
2010-2019       64      0.00901  0.00897  0.50   89200     800   88800  1848186  20.72
2010-2019       65      0.00970  0.00965  0.50   88400     853   87974  1759386  19.90
2010-2019       66      0.01042  0.01037  0.50   87547     908   87093  1671412  19.09
2010-2019       67      0.01142  0.01135  0.50   86639     984   86147  1584319  18.29
2010-2019       68      0.01264  0.01256  0.50   85656    1076   85118  1498171  17.49
2010-2019       69      0.01369  0.01360  0.50   84580    1150   84004  1413054  16.71
2010-2019       70      0.01521  0.01510  0.50   83429    1260   82799  1329049  15.93
2010-2019       71      0.01653  0.01639  0.50   82170    1347   81496  1246250  15.17
2010-2019       72      0.01837  0.01820  0.50   80823    1471   80087  1164754  14.41
2010-2019       73      0.02034  0.02013  0.50   79352    1598   78553  1084666  13.67
2010-2019       74      0.02290  0.02264  0.50   77754    1760   76874  1006113  12.94
2010-2019       75      0.02567  0.02534  0.50   75994    1926   75031   929239  12.23
2010-2019       76      0.02857  0.02816  0.50   74068    2086   73025   854208  11.53
2010-2019       77      0.03222  0.03171  0.50   71982    2283   70841   781183  10.85
2010-2019       78      0.03657  0.03592  0.50   69700    2503   68448   710342  10.19
2010-2019       79      0.04126  0.04042  0.50   67196    2716   65838   641894   9.55
2010-2019       80      0.04711  0.04603  0.50   64480    2968   62996   576056   8.93
2010-2019       81      0.05323  0.05185  0.50   61512    3189   59917   513060   8.34
2010-2019       82      0.06208  0.06021  0.50   58323    3511   56567   453143   7.77
2010-2019       83      0.07049  0.06809  0.50   54811    3732   52945   396576   7.24
2010-2019       84      0.07931  0.07628  0.50   51079    3897   49131   343631   6.73
2010-2019       85      0.09165  0.08763  0.50   47182    4135   45115   294501   6.24
2010-2019       86      0.10481  0.09959  0.50   43048    4287   40904   249386   5.79
2010-2019       87      0.11675  0.11031  0.50   38761    4276   36623   208482   5.38
2010-2019       88      0.13203  0.12385  0.50   34485    4271   32349   171859   4.98
2010-2019       89      0.15137  0.14072  0.50   30214    4252   28088   139510   4.62
2010-2019       90      0.16760  0.15464  0.50   25962    4015   23955   111421   4.29
2010-2019       91      0.18728  0.17124  0.50   21947    3758   20068    87467   3.99
2010-2019       92      0.20379  0.18495  0.50   18189    3364   16507    67399   3.71
2010-2019       93      0.22516  0.20237  0.50   14825    3000   13325    50892   3.43
2010-2019       94      0.24843  0.22098  0.50   11825    2613   10518    37567   3.18
2010-2019       95      0.27917  0.24498  0.50    9212    2257    8083    27048   2.94
2010-2019       96      0.30764  0.26663  0.50    6955    1854    6028    18965   2.73
2010-2019       97      0.33774  0.28895  0.50    5101    1474    4364    12937   2.54
2010-2019       98      0.36932  0.31175  0.50    3627    1131    3062     8573   2.36
2010-2019       99      0.40217  0.33484  0.50    2496     836    2078     5512   2.21
2010-2019      100      0.43603  0.35799  0.50    1660     594    1363     3433   2.07
2010-2019      101      0.47061  0.38097  0.50    1066     406     863     2070   1.94
2010-2019      102      0.50559  0.40357  0.50     660     266     527     1207   1.83
2010-2019      103      0.54062  0.42558  0.50     394     167     310      681   1.73
2010-2019      104      0.57536  0.44682  0.50     226     101     176      371   1.64
2010-2019      105      0.60946  0.46711  0.50     125      58      96      195   1.56
2010-2019      106      0.64261  0.48634  0.50      67      32      50       99   1.49
2010-2019      107      0.67452  0.50441  0.50      34      17      26       49   1.43
2010-2019      108      0.70497  0.52124  0.50      17       9      13       23   1.38
2010-2019      109      0.73374  0.53681  0.50       8       4       6       11   1.34
2010-2019      110+     0.76072  1.00000  1.31       4       4       5        5   1.31
