Chile, Life tables (period 1x5), Total	Last modified: 20 Jul 2020;  Methods Protocol: v6 (2017)

  Year          Age         mx       qx    ax      lx      dx      Lx       Tx     ex
1992-1994        0      0.01387  0.01370  0.12  100000    1370   98796  7470040  74.70
1992-1994        1      0.00120  0.00120  0.50   98630     118   98571  7371245  74.74
1992-1994        2      0.00066  0.00066  0.50   98512      65   98479  7272674  73.83
1992-1994        3      0.00048  0.00048  0.50   98446      47   98423  7174195  72.87
1992-1994        4      0.00031  0.00031  0.50   98399      30   98384  7075772  71.91
1992-1994        5      0.00030  0.00030  0.50   98369      29   98354  6977388  70.93
1992-1994        6      0.00028  0.00028  0.50   98339      28   98326  6879034  69.95
1992-1994        7      0.00026  0.00026  0.50   98312      25   98299  6780709  68.97
1992-1994        8      0.00026  0.00026  0.50   98287      26   98274  6682409  67.99
1992-1994        9      0.00025  0.00025  0.50   98261      24   98249  6584136  67.01
1992-1994       10      0.00024  0.00024  0.50   98237      24   98225  6485887  66.02
1992-1994       11      0.00028  0.00028  0.50   98213      28   98199  6387662  65.04
1992-1994       12      0.00026  0.00026  0.50   98185      26   98172  6289463  64.06
1992-1994       13      0.00030  0.00030  0.50   98160      30   98145  6191290  63.07
1992-1994       14      0.00037  0.00037  0.50   98130      36   98112  6093145  62.09
1992-1994       15      0.00044  0.00044  0.50   98094      43   98072  5995033  61.12
1992-1994       16      0.00059  0.00059  0.50   98051      58   98022  5896961  60.14
1992-1994       17      0.00067  0.00067  0.50   97992      66   97959  5798939  59.18
1992-1994       18      0.00071  0.00071  0.50   97926      69   97892  5700979  58.22
1992-1994       19      0.00077  0.00077  0.50   97857      75   97820  5603088  57.26
1992-1994       20      0.00090  0.00090  0.50   97782      88   97738  5505268  56.30
1992-1994       21      0.00098  0.00098  0.50   97695      96   97647  5407529  55.35
1992-1994       22      0.00099  0.00099  0.50   97599      96   97551  5309883  54.41
1992-1994       23      0.00104  0.00104  0.50   97502     102   97452  5212332  53.46
1992-1994       24      0.00096  0.00096  0.50   97401      94   97354  5114880  52.51
1992-1994       25      0.00113  0.00113  0.50   97307     110   97252  5017526  51.56
1992-1994       26      0.00112  0.00112  0.50   97197     109   97143  4920274  50.62
1992-1994       27      0.00112  0.00112  0.50   97088     108   97034  4823132  49.68
1992-1994       28      0.00117  0.00116  0.50   96980     113   96923  4726098  48.73
1992-1994       29      0.00113  0.00113  0.50   96867     110   96812  4629174  47.79
1992-1994       30      0.00123  0.00123  0.50   96757     119   96698  4532362  46.84
1992-1994       31      0.00118  0.00118  0.50   96638     114   96581  4435665  45.90
1992-1994       32      0.00129  0.00129  0.50   96524     125   96462  4339084  44.95
1992-1994       33      0.00127  0.00127  0.50   96400     122   96338  4242622  44.01
1992-1994       34      0.00135  0.00134  0.50   96277     129   96212  4146283  43.07
1992-1994       35      0.00157  0.00157  0.50   96148     151   96072  4050071  42.12
1992-1994       36      0.00157  0.00157  0.50   95997     151   95922  3953998  41.19
1992-1994       37      0.00171  0.00171  0.50   95846     164   95764  3858077  40.25
1992-1994       38      0.00181  0.00181  0.50   95682     173   95596  3762313  39.32
1992-1994       39      0.00190  0.00190  0.50   95509     181   95419  3666717  38.39
1992-1994       40      0.00196  0.00196  0.50   95328     186   95235  3571298  37.46
1992-1994       41      0.00233  0.00233  0.50   95142     222   95031  3476063  36.54
1992-1994       42      0.00252  0.00252  0.50   94920     239   94800  3381033  35.62
1992-1994       43      0.00246  0.00245  0.50   94681     232   94565  3286232  34.71
1992-1994       44      0.00272  0.00271  0.50   94449     256   94321  3191667  33.79
1992-1994       45      0.00334  0.00333  0.50   94193     314   94036  3097347  32.88
1992-1994       46      0.00366  0.00365  0.50   93878     343   93707  3003311  31.99
1992-1994       47      0.00382  0.00381  0.50   93536     356   93357  2909604  31.11
1992-1994       48      0.00398  0.00398  0.50   93179     371   92994  2816247  30.22
1992-1994       49      0.00438  0.00437  0.50   92809     405   92606  2723253  29.34
1992-1994       50      0.00492  0.00491  0.50   92403     454   92177  2630647  28.47
1992-1994       51      0.00525  0.00524  0.50   91950     482   91709  2538470  27.61
1992-1994       52      0.00575  0.00573  0.50   91468     525   91206  2446761  26.75
1992-1994       53      0.00615  0.00613  0.50   90943     558   90664  2355556  25.90
1992-1994       54      0.00667  0.00665  0.50   90386     601   90085  2264891  25.06
1992-1994       55      0.00744  0.00741  0.50   89784     665   89452  2174806  24.22
1992-1994       56      0.00827  0.00824  0.50   89119     734   88752  2085355  23.40
1992-1994       57      0.00882  0.00878  0.50   88385     776   87997  1996603  22.59
1992-1994       58      0.00978  0.00973  0.50   87609     853   87183  1908606  21.79
1992-1994       59      0.01072  0.01066  0.50   86756     925   86294  1821423  20.99
1992-1994       60      0.01159  0.01153  0.50   85831     989   85336  1735129  20.22
1992-1994       61      0.01303  0.01295  0.50   84842    1099   84292  1649793  19.45
1992-1994       62      0.01457  0.01446  0.50   83743    1211   83137  1565501  18.69
1992-1994       63      0.01546  0.01535  0.50   82532    1266   81899  1482363  17.96
1992-1994       64      0.01675  0.01661  0.50   81265    1350   80591  1400465  17.23
1992-1994       65      0.01771  0.01756  0.50   79916    1403   79214  1319874  16.52
1992-1994       66      0.01955  0.01936  0.50   78513    1520   77753  1240660  15.80
1992-1994       67      0.02172  0.02149  0.50   76993    1654   76165  1162907  15.10
1992-1994       68      0.02430  0.02401  0.50   75338    1809   74434  1086741  14.42
1992-1994       69      0.02781  0.02742  0.50   73529    2017   72521  1012307  13.77
1992-1994       70      0.03051  0.03006  0.50   71513    2149   70438   939786  13.14
1992-1994       71      0.03352  0.03297  0.50   69364    2287   68220   869348  12.53
1992-1994       72      0.03676  0.03609  0.50   67077    2421   65866   801128  11.94
1992-1994       73      0.03847  0.03774  0.50   64656    2440   63436   735262  11.37
1992-1994       74      0.04194  0.04108  0.50   62216    2556   60938   671826  10.80
1992-1994       75      0.04721  0.04612  0.50   59660    2751   58284   610888  10.24
1992-1994       76      0.05320  0.05183  0.50   56908    2949   55434   552604   9.71
1992-1994       77      0.05569  0.05418  0.50   53959    2924   52497   497170   9.21
1992-1994       78      0.06335  0.06140  0.50   51035    3134   49469   444673   8.71
1992-1994       79      0.06995  0.06759  0.50   47902    3238   46283   395204   8.25
1992-1994       80      0.07320  0.07062  0.50   44664    3154   43087   348921   7.81
1992-1994       81      0.07844  0.07548  0.50   41510    3133   39943   305834   7.37
1992-1994       82      0.08865  0.08489  0.50   38377    3258   36748   265891   6.93
1992-1994       83      0.09964  0.09491  0.50   35119    3333   33452   229143   6.52
1992-1994       84      0.10506  0.09981  0.50   31786    3173   30199   195691   6.16
1992-1994       85      0.11589  0.10954  0.50   28613    3134   27046   165492   5.78
1992-1994       86      0.12946  0.12159  0.50   25479    3098   23930   138446   5.43
1992-1994       87      0.13977  0.13064  0.50   22381    2924   20919   114516   5.12
1992-1994       88      0.14904  0.13870  0.50   19457    2699   18108    93597   4.81
1992-1994       89      0.17202  0.15840  0.50   16758    2654   15431    75490   4.50
1992-1994       90      0.17870  0.16404  0.50   14104    2314   12947    60059   4.26
1992-1994       91      0.20342  0.18464  0.50   11790    2177   10702    47112   4.00
1992-1994       92      0.21261  0.19218  0.50    9613    1847    8689    36410   3.79
1992-1994       93      0.22635  0.20334  0.50    7766    1579    6976    27721   3.57
1992-1994       94      0.23953  0.21391  0.50    6187    1323    5525    20744   3.35
1992-1994       95      0.26893  0.23705  0.50    4863    1153    4287    15220   3.13
1992-1994       96      0.29013  0.25337  0.50    3710     940    3240    10933   2.95
1992-1994       97      0.31238  0.27018  0.50    2770     748    2396     7692   2.78
1992-1994       98      0.33562  0.28739  0.50    2022     581    1731     5296   2.62
1992-1994       99      0.35978  0.30493  0.50    1441     439    1221     3565   2.47
1992-1994      100      0.38477  0.32269  0.50    1001     323     840     2344   2.34
1992-1994      101      0.41048  0.34058  0.50     678     231     563     1504   2.22
1992-1994      102      0.43677  0.35848  0.50     447     160     367      941   2.10
1992-1994      103      0.46351  0.37630  0.50     287     108     233      574   2.00
1992-1994      104      0.49055  0.39393  0.50     179      70     144      341   1.91
1992-1994      105      0.51773  0.41126  0.50     108      45      86      197   1.82
1992-1994      106      0.54487  0.42821  0.50      64      27      50      111   1.74
1992-1994      107      0.57182  0.44468  0.50      37      16      28       61   1.67
1992-1994      108      0.59842  0.46060  0.50      20       9      16       33   1.62
1992-1994      109      0.62451  0.47591  0.50      11       5       8       17   1.57
1992-1994      110+     0.64995  1.00000  1.54       6       6       9        9   1.54
1995-1999        0      0.01110  0.01099  0.13  100000    1099   99040  7562613  75.63
1995-1999        1      0.00076  0.00076  0.50   98901      75   98863  7463573  75.47
1995-1999        2      0.00066  0.00066  0.50   98825      65   98793  7364710  74.52
1995-1999        3      0.00043  0.00043  0.50   98760      42   98739  7265917  73.57
1995-1999        4      0.00034  0.00034  0.50   98718      33   98702  7167178  72.60
1995-1999        5      0.00030  0.00030  0.50   98685      30   98670  7068476  71.63
1995-1999        6      0.00024  0.00024  0.50   98655      24   98643  6969807  70.65
1995-1999        7      0.00024  0.00024  0.50   98631      24   98619  6871163  69.67
1995-1999        8      0.00023  0.00023  0.50   98608      22   98596  6772544  68.68
1995-1999        9      0.00023  0.00023  0.50   98585      23   98574  6673948  67.70
1995-1999       10      0.00024  0.00024  0.50   98563      24   98551  6575374  66.71
1995-1999       11      0.00023  0.00023  0.50   98539      23   98527  6476823  65.73
1995-1999       12      0.00022  0.00022  0.50   98516      22   98505  6378296  64.74
1995-1999       13      0.00027  0.00027  0.50   98494      27   98480  6279791  63.76
1995-1999       14      0.00036  0.00036  0.50   98467      35   98449  6181311  62.78
1995-1999       15      0.00041  0.00041  0.50   98432      41   98411  6082862  61.80
1995-1999       16      0.00048  0.00048  0.50   98391      47   98367  5984450  60.82
1995-1999       17      0.00058  0.00058  0.50   98344      57   98316  5886083  59.85
1995-1999       18      0.00067  0.00067  0.50   98287      66   98254  5787767  58.89
1995-1999       19      0.00076  0.00076  0.50   98221      75   98184  5689513  57.93
1995-1999       20      0.00086  0.00086  0.50   98147      85   98104  5591329  56.97
1995-1999       21      0.00084  0.00084  0.50   98062      82   98021  5493225  56.02
1995-1999       22      0.00096  0.00096  0.50   97980      94   97933  5395204  55.06
1995-1999       23      0.00097  0.00097  0.50   97885      95   97838  5297271  54.12
1995-1999       24      0.00098  0.00097  0.50   97790      95   97742  5199434  53.17
1995-1999       25      0.00094  0.00094  0.50   97695      92   97649  5101691  52.22
1995-1999       26      0.00104  0.00104  0.50   97603     101   97552  5004043  51.27
1995-1999       27      0.00105  0.00105  0.50   97501     102   97450  4906491  50.32
1995-1999       28      0.00109  0.00109  0.50   97399     106   97346  4809041  49.37
1995-1999       29      0.00112  0.00111  0.50   97292     108   97238  4711695  48.43
1995-1999       30      0.00117  0.00117  0.50   97184     114   97127  4614457  47.48
1995-1999       31      0.00119  0.00119  0.50   97070     116   97013  4517330  46.54
1995-1999       32      0.00126  0.00126  0.50   96955     122   96894  4420317  45.59
1995-1999       33      0.00131  0.00131  0.50   96833     127   96769  4323423  44.65
1995-1999       34      0.00138  0.00138  0.50   96706     133   96639  4226654  43.71
1995-1999       35      0.00141  0.00141  0.50   96572     136   96505  4130015  42.77
1995-1999       36      0.00144  0.00144  0.50   96437     139   96367  4033511  41.83
1995-1999       37      0.00156  0.00156  0.50   96298     150   96223  3937143  40.89
1995-1999       38      0.00168  0.00168  0.50   96147     161   96067  3840921  39.95
1995-1999       39      0.00176  0.00176  0.50   95986     169   95902  3744854  39.01
1995-1999       40      0.00195  0.00195  0.50   95817     187   95724  3648952  38.08
1995-1999       41      0.00210  0.00210  0.50   95630     201   95530  3553228  37.16
1995-1999       42      0.00230  0.00230  0.50   95429     219   95320  3457698  36.23
1995-1999       43      0.00248  0.00248  0.50   95210     236   95092  3362378  35.32
1995-1999       44      0.00272  0.00272  0.50   94974     258   94845  3267286  34.40
1995-1999       45      0.00289  0.00288  0.50   94716     273   94579  3172441  33.49
1995-1999       46      0.00313  0.00313  0.50   94443     295   94295  3077862  32.59
1995-1999       47      0.00337  0.00337  0.50   94148     317   93989  2983567  31.69
1995-1999       48      0.00387  0.00387  0.50   93830     363   93649  2889578  30.80
1995-1999       49      0.00423  0.00422  0.50   93468     394   93271  2795929  29.91
1995-1999       50      0.00459  0.00458  0.50   93073     427   92860  2702658  29.04
1995-1999       51      0.00507  0.00506  0.50   92647     468   92413  2609798  28.17
1995-1999       52      0.00547  0.00545  0.50   92179     503   91927  2517385  27.31
1995-1999       53      0.00607  0.00605  0.50   91676     555   91398  2425458  26.46
1995-1999       54      0.00663  0.00660  0.50   91121     602   90820  2334060  25.61
1995-1999       55      0.00733  0.00731  0.50   90519     661   90189  2243240  24.78
1995-1999       56      0.00781  0.00778  0.50   89858     699   89508  2153051  23.96
1995-1999       57      0.00829  0.00826  0.50   89159     736   88791  2063543  23.14
1995-1999       58      0.00915  0.00911  0.50   88423     805   88020  1974752  22.33
1995-1999       59      0.01006  0.01001  0.50   87617     877   87179  1886732  21.53
1995-1999       60      0.01071  0.01065  0.50   86741     924   86279  1799553  20.75
1995-1999       61      0.01173  0.01166  0.50   85817    1001   85317  1713274  19.96
1995-1999       62      0.01291  0.01283  0.50   84816    1088   84272  1627957  19.19
1995-1999       63      0.01460  0.01450  0.50   83728    1214   83121  1543685  18.44
1995-1999       64      0.01596  0.01584  0.50   82514    1307   81861  1460564  17.70
1995-1999       65      0.01772  0.01756  0.50   81208    1426   80495  1378703  16.98
1995-1999       66      0.01882  0.01864  0.50   79782    1487   79038  1298209  16.27
1995-1999       67      0.02089  0.02068  0.50   78294    1619   77485  1219171  15.57
1995-1999       68      0.02189  0.02165  0.50   76675    1660   75845  1141686  14.89
1995-1999       69      0.02439  0.02409  0.50   75015    1807   74112  1065841  14.21
1995-1999       70      0.02704  0.02668  0.50   73208    1953   72231   991729  13.55
1995-1999       71      0.02998  0.02954  0.50   71255    2105   70202   919498  12.90
1995-1999       72      0.03344  0.03289  0.50   69150    2274   68013   849295  12.28
1995-1999       73      0.03630  0.03565  0.50   66876    2384   65684   781282  11.68
1995-1999       74      0.04084  0.04003  0.50   64492    2581   63201   715598  11.10
1995-1999       75      0.04464  0.04367  0.50   61910    2704   60559   652397  10.54
1995-1999       76      0.04759  0.04648  0.50   59207    2752   57831   591839  10.00
1995-1999       77      0.05146  0.05017  0.50   56455    2832   55038   534008   9.46
1995-1999       78      0.05818  0.05654  0.50   53622    3032   52106   478969   8.93
1995-1999       79      0.06305  0.06112  0.50   50591    3092   49045   426863   8.44
1995-1999       80      0.06888  0.06659  0.50   47499    3163   45917   377818   7.95
1995-1999       81      0.07620  0.07340  0.50   44336    3254   42709   331901   7.49
1995-1999       82      0.08392  0.08054  0.50   41081    3309   39427   289193   7.04
1995-1999       83      0.09130  0.08732  0.50   37773    3298   36124   249766   6.61
1995-1999       84      0.10117  0.09630  0.50   34474    3320   32814   213642   6.20
1995-1999       85      0.11526  0.10898  0.50   31154    3395   29457   180828   5.80
1995-1999       86      0.12199  0.11497  0.50   27759    3192   26163   151371   5.45
1995-1999       87      0.13844  0.12948  0.50   24568    3181   22977   125207   5.10
1995-1999       88      0.15039  0.13988  0.50   21387    2991   19891   102230   4.78
1995-1999       89      0.16453  0.15203  0.50   18395    2797   16997    82339   4.48
1995-1999       90      0.18056  0.16561  0.50   15599    2583   14307    65342   4.19
1995-1999       91      0.19925  0.18120  0.50   13015    2358   11836    51035   3.92
1995-1999       92      0.21795  0.19653  0.50   10657    2094    9610    39199   3.68
1995-1999       93      0.22975  0.20608  0.50    8563    1765    7680    29589   3.46
1995-1999       94      0.26316  0.23256  0.50    6798    1581    6008    21909   3.22
1995-1999       95      0.27564  0.24226  0.50    5217    1264    4585    15901   3.05
1995-1999       96      0.29848  0.25972  0.50    3953    1027    3440    11316   2.86
1995-1999       97      0.32243  0.27767  0.50    2926     813    2520     7876   2.69
1995-1999       98      0.34743  0.29601  0.50    2114     626    1801     5356   2.53
1995-1999       99      0.37337  0.31464  0.50    1488     468    1254     3555   2.39
1995-1999      100      0.40015  0.33343  0.50    1020     340     850     2301   2.26
1995-1999      101      0.42760  0.35228  0.50     680     240     560     1451   2.13
1995-1999      102      0.45559  0.37106  0.50     440     163     359      891   2.02
1995-1999      103      0.48393  0.38965  0.50     277     108     223      533   1.92
1995-1999      104      0.51244  0.40792  0.50     169      69     135      310   1.83
1995-1999      105      0.54094  0.42578  0.50     100      43      79      175   1.75
1995-1999      106      0.56923  0.44312  0.50      57      25      45       96   1.67
1995-1999      107      0.59714  0.45985  0.50      32      15      25       51   1.61
1995-1999      108      0.62449  0.47589  0.50      17       8      13       27   1.55
1995-1999      109      0.65111  0.49120  0.50       9       4       7       14   1.51
1995-1999      110+     0.67687  1.00000  1.48       5       5       7        7   1.48
2000-2004        0      0.00893  0.00886  0.13  100000     886   99230  7711995  77.12
2000-2004        1      0.00073  0.00073  0.50   99114      73   99078  7612765  76.81
2000-2004        2      0.00049  0.00049  0.50   99041      48   99017  7513688  75.86
2000-2004        3      0.00033  0.00033  0.50   98993      32   98977  7414671  74.90
2000-2004        4      0.00029  0.00029  0.50   98960      29   98946  7315694  73.93
2000-2004        5      0.00023  0.00023  0.50   98932      23   98920  7216748  72.95
2000-2004        6      0.00021  0.00021  0.50   98909      20   98899  7117828  71.96
2000-2004        7      0.00021  0.00021  0.50   98889      21   98878  7018929  70.98
2000-2004        8      0.00019  0.00019  0.50   98868      19   98859  6920050  69.99
2000-2004        9      0.00019  0.00019  0.50   98849      18   98840  6821192  69.01
2000-2004       10      0.00020  0.00020  0.50   98831      19   98821  6722352  68.02
2000-2004       11      0.00020  0.00020  0.50   98811      20   98801  6623531  67.03
2000-2004       12      0.00021  0.00021  0.50   98791      21   98781  6524730  66.05
2000-2004       13      0.00024  0.00024  0.50   98770      23   98759  6425949  65.06
2000-2004       14      0.00030  0.00030  0.50   98747      30   98732  6327191  64.07
2000-2004       15      0.00035  0.00035  0.50   98717      34   98700  6228458  63.09
2000-2004       16      0.00043  0.00043  0.50   98683      43   98662  6129758  62.12
2000-2004       17      0.00054  0.00054  0.50   98641      54   98614  6031097  61.14
2000-2004       18      0.00062  0.00062  0.50   98587      61   98556  5932483  60.18
2000-2004       19      0.00069  0.00069  0.50   98526      68   98491  5833927  59.21
2000-2004       20      0.00080  0.00080  0.50   98457      79   98418  5735435  58.25
2000-2004       21      0.00079  0.00079  0.50   98379      78   98340  5637017  57.30
2000-2004       22      0.00083  0.00083  0.50   98301      82   98260  5538677  56.34
2000-2004       23      0.00082  0.00082  0.50   98219      80   98179  5440417  55.39
2000-2004       24      0.00087  0.00087  0.50   98139      85   98096  5342238  54.44
2000-2004       25      0.00093  0.00093  0.50   98054      91   98008  5244142  53.48
2000-2004       26      0.00091  0.00091  0.50   97963      90   97918  5146133  52.53
2000-2004       27      0.00093  0.00092  0.50   97874      91   97828  5048215  51.58
2000-2004       28      0.00097  0.00097  0.50   97783      95   97736  4950387  50.63
2000-2004       29      0.00096  0.00096  0.50   97688      94   97641  4852651  49.67
2000-2004       30      0.00100  0.00100  0.50   97595      97   97546  4755009  48.72
2000-2004       31      0.00106  0.00106  0.50   97497     103   97445  4657463  47.77
2000-2004       32      0.00109  0.00109  0.50   97394     106   97341  4560018  46.82
2000-2004       33      0.00114  0.00114  0.50   97288     111   97232  4462677  45.87
2000-2004       34      0.00123  0.00123  0.50   97177     119   97117  4365445  44.92
2000-2004       35      0.00124  0.00123  0.50   97057     120   96997  4268328  43.98
2000-2004       36      0.00134  0.00134  0.50   96937     130   96872  4171331  43.03
2000-2004       37      0.00137  0.00137  0.50   96808     132   96741  4074459  42.09
2000-2004       38      0.00148  0.00147  0.50   96675     143   96604  3977717  41.15
2000-2004       39      0.00159  0.00159  0.50   96533     153   96456  3881113  40.21
2000-2004       40      0.00171  0.00170  0.50   96379     164   96297  3784657  39.27
2000-2004       41      0.00188  0.00187  0.50   96215     180   96125  3688360  38.33
2000-2004       42      0.00188  0.00188  0.50   96035     180   95945  3592235  37.41
2000-2004       43      0.00212  0.00212  0.50   95854     203   95753  3496290  36.47
2000-2004       44      0.00233  0.00233  0.50   95652     223   95540  3400537  35.55
2000-2004       45      0.00261  0.00261  0.50   95429     249   95304  3304997  34.63
2000-2004       46      0.00283  0.00283  0.50   95180     269   95045  3209693  33.72
2000-2004       47      0.00304  0.00303  0.50   94910     288   94766  3114648  32.82
2000-2004       48      0.00324  0.00323  0.50   94623     306   94470  3019882  31.92
2000-2004       49      0.00362  0.00361  0.50   94317     341   94146  2925412  31.02
2000-2004       50      0.00388  0.00387  0.50   93976     364   93794  2831266  30.13
2000-2004       51      0.00429  0.00428  0.50   93612     401   93412  2737472  29.24
2000-2004       52      0.00458  0.00457  0.50   93211     426   92998  2644060  28.37
2000-2004       53      0.00510  0.00509  0.50   92785     472   92549  2551062  27.49
2000-2004       54      0.00573  0.00572  0.50   92313     528   92049  2458512  26.63
2000-2004       55      0.00621  0.00619  0.50   91785     568   91501  2366463  25.78
2000-2004       56      0.00703  0.00700  0.50   91217     639   90898  2274962  24.94
2000-2004       57      0.00762  0.00759  0.50   90578     688   90235  2184064  24.11
2000-2004       58      0.00829  0.00825  0.50   89891     742   89520  2093829  23.29
2000-2004       59      0.00888  0.00884  0.50   89149     788   88755  2004310  22.48
2000-2004       60      0.01022  0.01017  0.50   88361     898   87912  1915555  21.68
2000-2004       61      0.01077  0.01071  0.50   87463     937   86994  1827643  20.90
2000-2004       62      0.01175  0.01168  0.50   86526    1011   86020  1740648  20.12
2000-2004       63      0.01223  0.01215  0.50   85515    1039   84995  1654628  19.35
2000-2004       64      0.01349  0.01340  0.50   84476    1132   83910  1569633  18.58
2000-2004       65      0.01473  0.01462  0.50   83344    1219   82734  1485723  17.83
2000-2004       66      0.01642  0.01629  0.50   82125    1338   81456  1402989  17.08
2000-2004       67      0.01798  0.01782  0.50   80787    1440   80067  1321533  16.36
2000-2004       68      0.02051  0.02030  0.50   79348    1611   78542  1241465  15.65
2000-2004       69      0.02249  0.02224  0.50   77736    1729   76872  1162923  14.96
2000-2004       70      0.02512  0.02480  0.50   76008    1885   75065  1086051  14.29
2000-2004       71      0.02695  0.02659  0.50   74122    1971   73137  1010986  13.64
2000-2004       72      0.02971  0.02928  0.50   72151    2112   71095   937850  13.00
2000-2004       73      0.03228  0.03177  0.50   70039    2225   68927   866754  12.38
2000-2004       74      0.03433  0.03375  0.50   67814    2289   66670   797828  11.76
2000-2004       75      0.03788  0.03717  0.50   65525    2436   64307   731158  11.16
2000-2004       76      0.04291  0.04201  0.50   63089    2651   61764   666850  10.57
2000-2004       77      0.04653  0.04547  0.50   60439    2748   59065   605086  10.01
2000-2004       78      0.05275  0.05139  0.50   57691    2965   56208   546021   9.46
2000-2004       79      0.05810  0.05646  0.50   54726    3090   53181   489813   8.95
2000-2004       80      0.06361  0.06165  0.50   51636    3183   50044   436632   8.46
2000-2004       81      0.06731  0.06511  0.50   48453    3155   46875   386587   7.98
2000-2004       82      0.07526  0.07253  0.50   45298    3286   43655   339712   7.50
2000-2004       83      0.08458  0.08115  0.50   42012    3409   40308   296057   7.05
2000-2004       84      0.09019  0.08630  0.50   38603    3332   36937   255749   6.63
2000-2004       85      0.09971  0.09498  0.50   35272    3350   33597   218812   6.20
2000-2004       86      0.11183  0.10590  0.50   31922    3381   30231   185215   5.80
2000-2004       87      0.12231  0.11526  0.50   28541    3290   26896   154984   5.43
2000-2004       88      0.13551  0.12691  0.50   25251    3205   23649   128088   5.07
2000-2004       89      0.15155  0.14087  0.50   22046    3106   20494   104439   4.74
2000-2004       90      0.16352  0.15116  0.50   18941    2863   17509    83946   4.43
2000-2004       91      0.18284  0.16753  0.50   16078    2693   14731    66436   4.13
2000-2004       92      0.19657  0.17898  0.50   13384    2396   12186    51706   3.86
2000-2004       93      0.22119  0.19916  0.50   10989    2188    9894    39519   3.60
2000-2004       94      0.24822  0.22081  0.50    8800    1943    7829    29625   3.37
2000-2004       95      0.25960  0.22978  0.50    6857    1576    6069    21796   3.18
2000-2004       96      0.28236  0.24743  0.50    5281    1307    4628    15727   2.98
2000-2004       97      0.30638  0.26568  0.50    3975    1056    3447    11099   2.79
2000-2004       98      0.33158  0.28442  0.50    2919     830    2504     7653   2.62
2000-2004       99      0.35786  0.30355  0.50    2088     634    1772     5149   2.47
2000-2004      100      0.38512  0.32293  0.50    1455     470    1220     3377   2.32
2000-2004      101      0.41319  0.34244  0.50     985     337     816     2158   2.19
2000-2004      102      0.44192  0.36194  0.50     648     234     530     1342   2.07
2000-2004      103      0.47112  0.38130  0.50     413     158     334      811   1.96
2000-2004      104      0.50058  0.40037  0.50     256     102     204      477   1.87
2000-2004      105      0.53011  0.41904  0.50     153      64     121      272   1.78
2000-2004      106      0.55950  0.43719  0.50      89      39      70      151   1.70
2000-2004      107      0.58853  0.45472  0.50      50      23      39       82   1.63
2000-2004      108      0.61700  0.47153  0.50      27      13      21       43   1.57
2000-2004      109      0.64475  0.48757  0.50      14       7      11       22   1.52
2000-2004      110+     0.67159  1.00000  1.49       7       7      11       11   1.49
2005-2009        0      0.00821  0.00815  0.13  100000     815   99293  7804927  78.05
2005-2009        1      0.00062  0.00062  0.50   99185      62   99154  7705634  77.69
2005-2009        2      0.00033  0.00033  0.50   99124      32   99107  7606479  76.74
2005-2009        3      0.00026  0.00026  0.50   99091      25   99079  7507372  75.76
2005-2009        4      0.00020  0.00020  0.50   99066      19   99056  7408293  74.78
2005-2009        5      0.00019  0.00019  0.50   99046      19   99037  7309237  73.80
2005-2009        6      0.00019  0.00019  0.50   99027      19   99018  7210200  72.81
2005-2009        7      0.00017  0.00017  0.50   99008      17   99000  7111182  71.82
2005-2009        8      0.00015  0.00015  0.50   98991      15   98984  7012182  70.84
2005-2009        9      0.00018  0.00018  0.50   98976      18   98967  6913199  69.85
2005-2009       10      0.00016  0.00016  0.50   98958      16   98950  6814232  68.86
2005-2009       11      0.00018  0.00018  0.50   98942      17   98933  6715282  67.87
2005-2009       12      0.00020  0.00020  0.50   98925      19   98915  6616348  66.88
2005-2009       13      0.00021  0.00021  0.50   98905      21   98895  6517433  65.90
2005-2009       14      0.00026  0.00026  0.50   98884      26   98871  6418539  64.91
2005-2009       15      0.00037  0.00037  0.50   98858      36   98840  6319667  63.93
2005-2009       16      0.00045  0.00045  0.50   98822      44   98800  6220827  62.95
2005-2009       17      0.00053  0.00052  0.50   98778      52   98752  6122027  61.98
2005-2009       18      0.00060  0.00060  0.50   98726      59   98696  6023276  61.01
2005-2009       19      0.00067  0.00067  0.50   98667      66   98634  5924579  60.05
2005-2009       20      0.00070  0.00070  0.50   98600      69   98566  5825945  59.09
2005-2009       21      0.00076  0.00076  0.50   98532      74   98495  5727379  58.13
2005-2009       22      0.00076  0.00076  0.50   98458      74   98420  5628885  57.17
2005-2009       23      0.00082  0.00082  0.50   98383      80   98343  5530464  56.21
2005-2009       24      0.00084  0.00084  0.50   98303      83   98261  5432121  55.26
2005-2009       25      0.00082  0.00082  0.50   98220      80   98180  5333860  54.31
2005-2009       26      0.00085  0.00085  0.50   98140      83   98098  5235680  53.35
2005-2009       27      0.00085  0.00085  0.50   98057      83   98015  5137582  52.39
2005-2009       28      0.00091  0.00091  0.50   97973      89   97929  5039567  51.44
2005-2009       29      0.00094  0.00094  0.50   97884      92   97838  4941638  50.48
2005-2009       30      0.00095  0.00095  0.50   97792      93   97746  4843800  49.53
2005-2009       31      0.00098  0.00098  0.50   97699      96   97651  4746054  48.58
2005-2009       32      0.00107  0.00107  0.50   97603     105   97551  4648403  47.63
2005-2009       33      0.00108  0.00108  0.50   97498     105   97445  4550853  46.68
2005-2009       34      0.00117  0.00117  0.50   97393     114   97336  4453407  45.73
2005-2009       35      0.00117  0.00117  0.50   97279     114   97222  4356071  44.78
2005-2009       36      0.00128  0.00128  0.50   97165     125   97103  4258849  43.83
2005-2009       37      0.00132  0.00132  0.50   97040     128   96976  4161747  42.89
2005-2009       38      0.00140  0.00140  0.50   96912     136   96844  4064770  41.94
2005-2009       39      0.00149  0.00149  0.50   96776     144   96704  3967926  41.00
2005-2009       40      0.00159  0.00159  0.50   96632     154   96555  3871222  40.06
2005-2009       41      0.00175  0.00175  0.50   96478     169   96394  3774667  39.12
2005-2009       42      0.00182  0.00181  0.50   96310     175   96222  3678273  38.19
2005-2009       43      0.00204  0.00204  0.50   96135     196   96037  3582051  37.26
2005-2009       44      0.00212  0.00211  0.50   95939     203   95838  3486014  36.34
2005-2009       45      0.00232  0.00231  0.50   95736     222   95625  3390176  35.41
2005-2009       46      0.00251  0.00250  0.50   95515     239   95395  3294551  34.49
2005-2009       47      0.00275  0.00274  0.50   95276     261   95145  3199156  33.58
2005-2009       48      0.00293  0.00292  0.50   95014     278   94875  3104011  32.67
2005-2009       49      0.00327  0.00327  0.50   94737     310   94582  3009135  31.76
2005-2009       50      0.00355  0.00354  0.50   94427     334   94260  2914554  30.87
2005-2009       51      0.00392  0.00391  0.50   94092     368   93909  2820294  29.97
2005-2009       52      0.00416  0.00415  0.50   93725     389   93530  2726386  29.09
2005-2009       53      0.00465  0.00464  0.50   93335     433   93119  2632856  28.21
2005-2009       54      0.00502  0.00501  0.50   92902     465   92669  2539737  27.34
2005-2009       55      0.00531  0.00530  0.50   92437     490   92192  2447068  26.47
2005-2009       56      0.00593  0.00591  0.50   91947     544   91675  2354876  25.61
2005-2009       57      0.00655  0.00653  0.50   91403     596   91105  2263200  24.76
2005-2009       58      0.00746  0.00743  0.50   90807     675   90469  2172095  23.92
2005-2009       59      0.00798  0.00795  0.50   90132     717   89774  2081626  23.10
2005-2009       60      0.00893  0.00889  0.50   89415     795   89018  1991852  22.28
2005-2009       61      0.00986  0.00981  0.50   88621     870   88186  1902834  21.47
2005-2009       62      0.01093  0.01087  0.50   87751     954   87274  1814648  20.68
2005-2009       63      0.01176  0.01169  0.50   86798    1014   86290  1727374  19.90
2005-2009       64      0.01302  0.01293  0.50   85783    1109   85228  1641083  19.13
2005-2009       65      0.01419  0.01409  0.50   84674    1193   84077  1555855  18.37
2005-2009       66      0.01536  0.01524  0.50   83481    1272   82845  1471778  17.63
2005-2009       67      0.01698  0.01684  0.50   82209    1384   81516  1388933  16.90
2005-2009       68      0.01795  0.01779  0.50   80824    1438   80105  1307417  16.18
2005-2009       69      0.01956  0.01937  0.50   79386    1538   78617  1227311  15.46
2005-2009       70      0.02093  0.02072  0.50   77848    1613   77042  1148694  14.76
2005-2009       71      0.02353  0.02326  0.50   76236    1773   75349  1071652  14.06
2005-2009       72      0.02615  0.02582  0.50   74463    1922   73501   996303  13.38
2005-2009       73      0.02846  0.02806  0.50   72540    2036   71522   922801  12.72
2005-2009       74      0.03306  0.03252  0.50   70505    2293   69358   851279  12.07
2005-2009       75      0.03624  0.03559  0.50   68212    2428   66998   781921  11.46
2005-2009       76      0.03961  0.03884  0.50   65784    2555   64506   714923  10.87
2005-2009       77      0.04372  0.04279  0.50   63229    2705   61876   650417  10.29
2005-2009       78      0.04808  0.04695  0.50   60523    2842   59103   588540   9.72
2005-2009       79      0.05264  0.05129  0.50   57682    2958   56203   529438   9.18
2005-2009       80      0.06141  0.05958  0.50   54723    3260   53093   473235   8.65
2005-2009       81      0.06756  0.06535  0.50   51463    3363   49781   420142   8.16
2005-2009       82      0.07327  0.07068  0.50   48100    3400   46400   370361   7.70
2005-2009       83      0.08071  0.07758  0.50   44700    3468   42966   323961   7.25
2005-2009       84      0.08949  0.08566  0.50   41232    3532   39466   280994   6.81
2005-2009       85      0.09739  0.09287  0.50   37700    3501   35950   241528   6.41
2005-2009       86      0.10718  0.10173  0.50   34199    3479   32460   205578   6.01
2005-2009       87      0.11692  0.11046  0.50   30720    3393   29023   173118   5.64
2005-2009       88      0.13067  0.12266  0.50   27327    3352   25651   144095   5.27
2005-2009       89      0.14194  0.13254  0.50   23975    3178   22386   118444   4.94
2005-2009       90      0.15740  0.14591  0.50   20797    3035   19280    96058   4.62
2005-2009       91      0.17313  0.15934  0.50   17763    2830   16348    76778   4.32
2005-2009       92      0.18823  0.17204  0.50   14932    2569   13648    60430   4.05
2005-2009       93      0.21142  0.19121  0.50   12364    2364   11182    46782   3.78
2005-2009       94      0.22824  0.20486  0.50   10000    2049    8975    35601   3.56
2005-2009       95      0.24455  0.21790  0.50    7951    1733    7085    26625   3.35
2005-2009       96      0.26548  0.23437  0.50    6218    1457    5490    19541   3.14
2005-2009       97      0.28758  0.25143  0.50    4761    1197    4163    14051   2.95
2005-2009       98      0.31082  0.26901  0.50    3564     959    3085     9888   2.77
2005-2009       99      0.33512  0.28702  0.50    2605     748    2231     6804   2.61
2005-2009      100      0.36040  0.30537  0.50    1857     567    1574     4572   2.46
2005-2009      101      0.38655  0.32394  0.50    1290     418    1081     2998   2.32
2005-2009      102      0.41344  0.34262  0.50     872     299     723     1917   2.20
2005-2009      103      0.44094  0.36129  0.50     573     207     470     1194   2.08
2005-2009      104      0.46887  0.37983  0.50     366     139     297      724   1.98
2005-2009      105      0.49707  0.39812  0.50     227      90     182      428   1.88
2005-2009      106      0.52534  0.41606  0.50     137      57     108      246   1.80
2005-2009      107      0.55352  0.43353  0.50      80      35      63      137   1.72
2005-2009      108      0.58141  0.45046  0.50      45      20      35       75   1.66
2005-2009      109      0.60884  0.46675  0.50      25      12      19       40   1.61
2005-2009      110+     0.63565  1.00000  1.57      13      13      21       21   1.57
2010-2014        0      0.00742  0.00737  0.13  100000     737   99362  7879724  78.80
2010-2014        1      0.00048  0.00048  0.50   99263      48   99239  7780362  78.38
2010-2014        2      0.00028  0.00028  0.50   99215      28   99201  7681123  77.42
2010-2014        3      0.00023  0.00023  0.50   99187      23   99176  7581922  76.44
2010-2014        4      0.00020  0.00020  0.50   99164      20   99154  7482746  75.46
2010-2014        5      0.00016  0.00016  0.50   99144      16   99136  7383592  74.47
2010-2014        6      0.00014  0.00014  0.50   99128      14   99121  7284455  73.49
2010-2014        7      0.00016  0.00016  0.50   99114      16   99106  7185334  72.50
2010-2014        8      0.00014  0.00014  0.50   99098      14   99091  7086228  71.51
2010-2014        9      0.00014  0.00014  0.50   99084      13   99077  6987137  70.52
2010-2014       10      0.00016  0.00016  0.50   99071      15   99063  6888059  69.53
2010-2014       11      0.00014  0.00014  0.50   99055      14   99048  6788997  68.54
2010-2014       12      0.00018  0.00018  0.50   99041      18   99032  6689948  67.55
2010-2014       13      0.00020  0.00020  0.50   99023      20   99014  6590916  66.56
2010-2014       14      0.00024  0.00024  0.50   99004      24   98992  6491902  65.57
2010-2014       15      0.00034  0.00034  0.50   98980      34   98963  6392911  64.59
2010-2014       16      0.00040  0.00040  0.50   98946      39   98926  6293948  63.61
2010-2014       17      0.00046  0.00046  0.50   98907      45   98884  6195021  62.63
2010-2014       18      0.00055  0.00055  0.50   98862      55   98834  6096137  61.66
2010-2014       19      0.00061  0.00061  0.50   98807      61   98777  5997303  60.70
2010-2014       20      0.00061  0.00061  0.50   98746      60   98716  5898526  59.73
2010-2014       21      0.00065  0.00065  0.50   98687      65   98654  5799810  58.77
2010-2014       22      0.00070  0.00069  0.50   98622      69   98588  5701156  57.81
2010-2014       23      0.00074  0.00074  0.50   98553      73   98517  5602568  56.85
2010-2014       24      0.00069  0.00069  0.50   98481      68   98446  5504051  55.89
2010-2014       25      0.00071  0.00070  0.50   98412      69   98378  5405604  54.93
2010-2014       26      0.00078  0.00078  0.50   98343      76   98305  5307227  53.97
2010-2014       27      0.00076  0.00076  0.50   98267      74   98229  5208922  53.01
2010-2014       28      0.00081  0.00081  0.50   98192      80   98152  5110693  52.05
2010-2014       29      0.00084  0.00084  0.50   98113      82   98072  5012540  51.09
2010-2014       30      0.00090  0.00090  0.50   98030      88   97986  4914469  50.13
2010-2014       31      0.00089  0.00089  0.50   97942      87   97899  4816482  49.18
2010-2014       32      0.00093  0.00093  0.50   97856      91   97810  4718583  48.22
2010-2014       33      0.00094  0.00094  0.50   97765      92   97719  4620773  47.26
2010-2014       34      0.00102  0.00101  0.50   97673      99   97623  4523054  46.31
2010-2014       35      0.00103  0.00103  0.50   97574     101   97523  4425431  45.35
2010-2014       36      0.00112  0.00112  0.50   97473     109   97418  4327907  44.40
2010-2014       37      0.00120  0.00120  0.50   97364     116   97305  4230489  43.45
2010-2014       38      0.00137  0.00137  0.50   97247     133   97181  4133184  42.50
2010-2014       39      0.00136  0.00136  0.50   97114     132   97048  4036003  41.56
2010-2014       40      0.00148  0.00148  0.50   96982     143   96910  3938955  40.62
2010-2014       41      0.00161  0.00161  0.50   96838     156   96761  3842045  39.67
2010-2014       42      0.00177  0.00177  0.50   96683     171   96597  3745284  38.74
2010-2014       43      0.00195  0.00195  0.50   96512     188   96418  3648687  37.81
2010-2014       44      0.00204  0.00203  0.50   96324     196   96226  3552269  36.88
2010-2014       45      0.00215  0.00215  0.50   96128     207   96024  3456044  35.95
2010-2014       46      0.00246  0.00245  0.50   95921     235   95803  3360019  35.03
2010-2014       47      0.00254  0.00254  0.50   95686     243   95564  3264216  34.11
2010-2014       48      0.00284  0.00284  0.50   95442     271   95307  3168652  33.20
2010-2014       49      0.00304  0.00303  0.50   95172     289   95028  3073345  32.29
2010-2014       50      0.00322  0.00321  0.50   94883     305   94731  2978318  31.39
2010-2014       51      0.00365  0.00364  0.50   94579     345   94406  2883587  30.49
2010-2014       52      0.00390  0.00389  0.50   94234     366   94051  2789180  29.60
2010-2014       53      0.00424  0.00423  0.50   93867     397   93669  2695130  28.71
2010-2014       54      0.00476  0.00475  0.50   93470     444   93248  2601461  27.83
2010-2014       55      0.00508  0.00507  0.50   93026     471   92790  2508213  26.96
2010-2014       56      0.00555  0.00553  0.50   92555     512   92299  2415423  26.10
2010-2014       57      0.00611  0.00610  0.50   92043     561   91762  2323124  25.24
2010-2014       58      0.00671  0.00669  0.50   91481     612   91176  2231362  24.39
2010-2014       59      0.00732  0.00730  0.50   90870     663   90538  2140186  23.55
2010-2014       60      0.00793  0.00790  0.50   90207     712   89851  2049648  22.72
2010-2014       61      0.00877  0.00873  0.50   89494     781   89104  1959797  21.90
2010-2014       62      0.00971  0.00966  0.50   88713     857   88284  1870694  21.09
2010-2014       63      0.01055  0.01049  0.50   87856     922   87395  1782409  20.29
2010-2014       64      0.01169  0.01162  0.50   86934    1010   86429  1695014  19.50
2010-2014       65      0.01277  0.01269  0.50   85924    1091   85378  1608585  18.72
2010-2014       66      0.01442  0.01432  0.50   84833    1215   84226  1523207  17.96
2010-2014       67      0.01542  0.01531  0.50   83618    1280   82978  1438981  17.21
2010-2014       68      0.01703  0.01688  0.50   82338    1390   81643  1356003  16.47
2010-2014       69      0.01873  0.01855  0.50   80948    1502   80197  1274360  15.74
2010-2014       70      0.02060  0.02039  0.50   79446    1620   78637  1194162  15.03
2010-2014       71      0.02196  0.02172  0.50   77827    1690   76981  1115526  14.33
2010-2014       72      0.02427  0.02398  0.50   76136    1826   75223  1038544  13.64
2010-2014       73      0.02635  0.02601  0.50   74310    1933   73344   963321  12.96
2010-2014       74      0.02896  0.02855  0.50   72377    2066   71344   889977  12.30
2010-2014       75      0.03160  0.03111  0.50   70311    2187   69218   818633  11.64
2010-2014       76      0.03601  0.03537  0.50   68124    2410   66919   749415  11.00
2010-2014       77      0.03938  0.03862  0.50   65714    2538   64445   682496  10.39
2010-2014       78      0.04335  0.04243  0.50   63177    2681   61836   618051   9.78
2010-2014       79      0.04948  0.04829  0.50   60496    2921   59035   556215   9.19
2010-2014       80      0.05511  0.05363  0.50   57575    3088   56031   497179   8.64
2010-2014       81      0.06081  0.05902  0.50   54487    3216   52879   441149   8.10
2010-2014       82      0.07223  0.06971  0.50   51271    3574   49484   388270   7.57
2010-2014       83      0.08104  0.07789  0.50   47697    3715   45839   338786   7.10
2010-2014       84      0.09111  0.08714  0.50   43982    3833   42066   292946   6.66
2010-2014       85      0.10110  0.09623  0.50   40149    3864   38218   250881   6.25
2010-2014       86      0.11299  0.10695  0.50   36286    3881   34345   212663   5.86
2010-2014       87      0.12175  0.11477  0.50   32405    3719   30545   178318   5.50
2010-2014       88      0.13297  0.12468  0.50   28686    3577   26898   147772   5.15
2010-2014       89      0.14744  0.13732  0.50   25109    3448   23385   120875   4.81
2010-2014       90      0.16131  0.14927  0.50   21661    3233   20045    97489   4.50
2010-2014       91      0.17800  0.16345  0.50   18428    3012   16922    77445   4.20
2010-2014       92      0.19575  0.17830  0.50   15416    2749   14041    60523   3.93
2010-2014       93      0.21173  0.19146  0.50   12667    2425   11455    46481   3.67
2010-2014       94      0.23490  0.21021  0.50   10242    2153    9165    35027   3.42
2010-2014       95      0.25696  0.22770  0.50    8089    1842    7168    25861   3.20
2010-2014       96      0.27992  0.24555  0.50    6247    1534    5480    18693   2.99
2010-2014       97      0.30417  0.26402  0.50    4713    1244    4091    13213   2.80
2010-2014       98      0.32965  0.28300  0.50    3469     982    2978     9122   2.63
2010-2014       99      0.35625  0.30239  0.50    2487     752    2111     6145   2.47
2010-2014      100      0.38388  0.32206  0.50    1735     559    1456     4034   2.32
2010-2014      101      0.41237  0.34188  0.50    1176     402     975     2578   2.19
2010-2014      102      0.44156  0.36170  0.50     774     280     634     1603   2.07
2010-2014      103      0.47127  0.38140  0.50     494     188     400      969   1.96
2010-2014      104      0.50127  0.40081  0.50     306     123     244      569   1.86
2010-2014      105      0.53136  0.41982  0.50     183      77     145      324   1.77
2010-2014      106      0.56132  0.43830  0.50     106      47      83      180   1.69
2010-2014      107      0.59091  0.45614  0.50      60      27      46       97   1.62
2010-2014      108      0.61993  0.47324  0.50      32      15      25       51   1.56
2010-2014      109      0.64819  0.48953  0.50      17       8      13       26   1.51
2010-2014      110+     0.67550  1.00000  1.48       9       9      13       13   1.48
2015-2017        0      0.00695  0.00691  0.14  100000     691   99402  7953991  79.54
2015-2017        1      0.00044  0.00044  0.50   99309      44   99287  7854589  79.09
2015-2017        2      0.00022  0.00022  0.50   99265      22   99254  7755302  78.13
2015-2017        3      0.00019  0.00019  0.50   99243      19   99234  7656048  77.14
2015-2017        4      0.00016  0.00016  0.50   99224      16   99216  7556814  76.16
2015-2017        5      0.00014  0.00014  0.50   99208      14   99201  7457598  75.17
2015-2017        6      0.00012  0.00012  0.50   99194      12   99188  7358397  74.18
2015-2017        7      0.00014  0.00014  0.50   99182      14   99175  7259209  73.19
2015-2017        8      0.00016  0.00016  0.50   99168      16   99160  7160035  72.20
2015-2017        9      0.00012  0.00012  0.50   99152      12   99146  7060875  71.21
2015-2017       10      0.00011  0.00011  0.50   99141      11   99135  6961728  70.22
2015-2017       11      0.00016  0.00016  0.50   99130      16   99122  6862593  69.23
2015-2017       12      0.00016  0.00016  0.50   99114      16   99106  6763471  68.24
2015-2017       13      0.00019  0.00019  0.50   99098      19   99088  6664365  67.25
2015-2017       14      0.00021  0.00021  0.50   99079      20   99069  6565277  66.26
2015-2017       15      0.00029  0.00029  0.50   99059      29   99044  6466208  65.28
2015-2017       16      0.00037  0.00037  0.50   99030      37   99011  6367164  64.30
2015-2017       17      0.00047  0.00047  0.50   98992      46   98969  6268153  63.32
2015-2017       18      0.00052  0.00052  0.50   98946      51   98920  6169184  62.35
2015-2017       19      0.00062  0.00062  0.50   98895      61   98864  6070263  61.38
2015-2017       20      0.00058  0.00058  0.50   98834      58   98805  5971399  60.42
2015-2017       21      0.00058  0.00058  0.50   98776      58   98747  5872594  59.45
2015-2017       22      0.00064  0.00064  0.50   98718      63   98687  5773847  58.49
2015-2017       23      0.00067  0.00067  0.50   98655      66   98622  5675160  57.53
2015-2017       24      0.00067  0.00067  0.50   98589      66   98556  5576538  56.56
2015-2017       25      0.00064  0.00064  0.50   98523      63   98492  5477982  55.60
2015-2017       26      0.00069  0.00069  0.50   98460      68   98427  5379490  54.64
2015-2017       27      0.00073  0.00073  0.50   98393      72   98357  5281063  53.67
2015-2017       28      0.00078  0.00078  0.50   98321      77   98283  5182707  52.71
2015-2017       29      0.00084  0.00084  0.50   98244      82   98203  5084424  51.75
2015-2017       30      0.00077  0.00077  0.50   98162      76   98124  4986221  50.80
2015-2017       31      0.00083  0.00083  0.50   98086      82   98045  4888097  49.83
2015-2017       32      0.00088  0.00088  0.50   98005      87   97961  4790052  48.88
2015-2017       33      0.00095  0.00095  0.50   97918      93   97872  4692090  47.92
2015-2017       34      0.00102  0.00102  0.50   97825     100   97775  4594219  46.96
2015-2017       35      0.00103  0.00103  0.50   97725     101   97675  4496444  46.01
2015-2017       36      0.00113  0.00113  0.50   97624     110   97569  4398769  45.06
2015-2017       37      0.00115  0.00115  0.50   97514     112   97458  4301200  44.11
2015-2017       38      0.00127  0.00127  0.50   97402     124   97340  4203741  43.16
2015-2017       39      0.00131  0.00131  0.50   97278     127   97214  4106401  42.21
2015-2017       40      0.00138  0.00138  0.50   97151     134   97084  4009187  41.27
2015-2017       41      0.00150  0.00149  0.50   97017     145   96944  3912103  40.32
2015-2017       42      0.00165  0.00164  0.50   96872     159   96792  3815159  39.38
2015-2017       43      0.00181  0.00181  0.50   96713     175   96625  3718367  38.45
2015-2017       44      0.00202  0.00202  0.50   96538     195   96440  3621742  37.52
2015-2017       45      0.00205  0.00205  0.50   96343     197   96244  3525301  36.59
2015-2017       46      0.00227  0.00227  0.50   96146     218   96036  3429057  35.67
2015-2017       47      0.00240  0.00240  0.50   95927     230   95812  3333021  34.75
2015-2017       48      0.00260  0.00260  0.50   95697     249   95573  3237209  33.83
2015-2017       49      0.00282  0.00282  0.50   95449     269   95314  3141635  32.91
2015-2017       50      0.00314  0.00314  0.50   95180     299   95031  3046321  32.01
2015-2017       51      0.00347  0.00346  0.50   94881     328   94717  2951290  31.11
2015-2017       52      0.00376  0.00376  0.50   94553     355   94376  2856573  30.21
2015-2017       53      0.00400  0.00399  0.50   94198     376   94010  2762197  29.32
2015-2017       54      0.00420  0.00420  0.50   93822     394   93626  2668187  28.44
2015-2017       55      0.00470  0.00469  0.50   93429     438   93210  2574562  27.56
2015-2017       56      0.00521  0.00520  0.50   92991     483   92749  2481352  26.68
2015-2017       57      0.00559  0.00558  0.50   92508     516   92250  2388602  25.82
2015-2017       58      0.00634  0.00632  0.50   91992     581   91701  2296353  24.96
2015-2017       59      0.00655  0.00653  0.50   91410     597   91112  2204652  24.12
2015-2017       60      0.00726  0.00724  0.50   90814     657   90485  2113540  23.27
2015-2017       61      0.00805  0.00801  0.50   90157     723   89795  2023054  22.44
2015-2017       62      0.00885  0.00881  0.50   89434     788   89040  1933259  21.62
2015-2017       63      0.00965  0.00961  0.50   88646     852   88221  1844219  20.80
2015-2017       64      0.01064  0.01058  0.50   87795     929   87330  1755998  20.00
2015-2017       65      0.01157  0.01151  0.50   86866    1000   86366  1668668  19.21
2015-2017       66      0.01249  0.01241  0.50   85866    1066   85333  1582302  18.43
2015-2017       67      0.01430  0.01420  0.50   84801    1204   84199  1496968  17.65
2015-2017       68      0.01540  0.01528  0.50   83597    1278   82958  1412770  16.90
2015-2017       69      0.01717  0.01702  0.50   82319    1401   81618  1329812  16.15
2015-2017       70      0.01872  0.01854  0.50   80918    1500   80168  1248194  15.43
2015-2017       71      0.02031  0.02010  0.50   79417    1597   78619  1168026  14.71
2015-2017       72      0.02223  0.02199  0.50   77821    1711   76965  1089407  14.00
2015-2017       73      0.02441  0.02411  0.50   76110    1835   75192  1012441  13.30
2015-2017       74      0.02657  0.02622  0.50   74274    1948   73301   937249  12.62
2015-2017       75      0.02962  0.02919  0.50   72327    2111   71271   863949  11.95
2015-2017       76      0.03232  0.03180  0.50   70216    2233   69099   792678  11.29
2015-2017       77      0.03609  0.03545  0.50   67982    2410   66778   723579  10.64
2015-2017       78      0.03959  0.03882  0.50   65573    2546   64300   656801  10.02
2015-2017       79      0.04378  0.04284  0.50   63027    2700   61677   592501   9.40
2015-2017       80      0.04878  0.04762  0.50   60327    2873   58891   530824   8.80
2015-2017       81      0.05425  0.05282  0.50   57454    3035   55937   471934   8.21
2015-2017       82      0.06031  0.05854  0.50   54419    3186   52827   415997   7.64
2015-2017       83      0.06571  0.06362  0.50   51234    3259   49604   363170   7.09
2015-2017       84      0.07684  0.07399  0.50   47974    3550   46199   313566   6.54
2015-2017       85      0.09181  0.08778  0.50   44425    3900   42475   267367   6.02
2015-2017       86      0.11261  0.10661  0.50   40525    4320   38365   224892   5.55
2015-2017       87      0.13521  0.12665  0.50   36204    4585   33912   186527   5.15
2015-2017       88      0.14721  0.13712  0.50   31619    4336   29451   152616   4.83
2015-2017       89      0.16246  0.15026  0.50   27284    4100   25234   123164   4.51
2015-2017       90      0.17474  0.16070  0.50   23184    3726   21321    97930   4.22
2015-2017       91      0.18874  0.17247  0.50   19458    3356   17780    76609   3.94
2015-2017       92      0.21098  0.19085  0.50   16102    3073   14566    58829   3.65
2015-2017       93      0.22713  0.20396  0.50   13029    2657   11700    44263   3.40
2015-2017       94      0.24652  0.21947  0.50   10372    2276    9234    32563   3.14
2015-2017       95      0.28580  0.25007  0.50    8095    2024    7083    23329   2.88
2015-2017       96      0.31488  0.27205  0.50    6071    1652    5245    16246   2.68
2015-2017       97      0.34559  0.29467  0.50    4419    1302    3768    11001   2.49
2015-2017       98      0.37775  0.31773  0.50    3117     990    2622     7232   2.32
2015-2017       99      0.41112  0.34102  0.50    2127     725    1764     4610   2.17
2015-2017      100      0.44545  0.36431  0.50    1401     511    1146     2846   2.03
2015-2017      101      0.48042  0.38737  0.50     891     345     718     1700   1.91
2015-2017      102      0.51569  0.40998  0.50     546     224     434      982   1.80
2015-2017      103      0.55092  0.43194  0.50     322     139     252      548   1.70
2015-2017      104      0.58574  0.45305  0.50     183      83     141      295   1.62
2015-2017      105      0.61982  0.47318  0.50     100      47      76      154   1.54
2015-2017      106      0.65284  0.49218  0.50      53      26      40       78   1.47
2015-2017      107      0.68453  0.50998  0.50      27      14      20       38   1.41
2015-2017      108      0.71466  0.52652  0.50      13       7      10       18   1.36
2015-2017      109      0.74305  0.54177  0.50       6       3       5        8   1.32
2015-2017      110+     0.76957  1.00000  1.30       3       3       4        4   1.30
