Germany, Life tables (period 1x5), Total	Last modified: 17 Dec 2018;  Methods Protocol: v6 (2017)

  Year          Age         mx       qx    ax      lx      dx      Lx       Tx     ex
1990-1994        0      0.00623  0.00620  0.14  100000     620   99465  7586682  75.87
1990-1994        1      0.00058  0.00058  0.50   99380      57   99352  7487217  75.34
1990-1994        2      0.00036  0.00036  0.50   99323      36   99305  7387866  74.38
1990-1994        3      0.00030  0.00030  0.50   99287      30   99272  7288561  73.41
1990-1994        4      0.00024  0.00024  0.50   99257      24   99245  7189289  72.43
1990-1994        5      0.00021  0.00021  0.50   99233      21   99222  7090044  71.45
1990-1994        6      0.00019  0.00019  0.50   99212      19   99202  6990821  70.46
1990-1994        7      0.00018  0.00018  0.50   99193      18   99184  6891619  69.48
1990-1994        8      0.00018  0.00018  0.50   99175      17   99166  6792435  68.49
1990-1994        9      0.00016  0.00016  0.50   99158      16   99150  6693269  67.50
1990-1994       10      0.00016  0.00016  0.50   99142      16   99134  6594119  66.51
1990-1994       11      0.00017  0.00017  0.50   99126      17   99118  6494985  65.52
1990-1994       12      0.00017  0.00017  0.50   99109      17   99101  6395867  64.53
1990-1994       13      0.00019  0.00019  0.50   99093      19   99084  6296766  63.54
1990-1994       14      0.00022  0.00022  0.50   99074      22   99063  6197682  62.56
1990-1994       15      0.00030  0.00030  0.50   99053      30   99038  6098619  61.57
1990-1994       16      0.00042  0.00042  0.50   99023      42   99002  5999581  60.59
1990-1994       17      0.00051  0.00051  0.50   98981      50   98956  5900579  59.61
1990-1994       18      0.00075  0.00075  0.50   98931      74   98894  5801623  58.64
1990-1994       19      0.00080  0.00080  0.50   98857      79   98817  5702729  57.69
1990-1994       20      0.00076  0.00076  0.50   98777      75   98740  5603912  56.73
1990-1994       21      0.00075  0.00075  0.50   98703      74   98665  5505172  55.78
1990-1994       22      0.00074  0.00074  0.50   98628      73   98592  5406507  54.82
1990-1994       23      0.00072  0.00072  0.50   98556      71   98520  5307915  53.86
1990-1994       24      0.00071  0.00071  0.50   98484      70   98449  5209395  52.90
1990-1994       25      0.00074  0.00074  0.50   98414      73   98377  5110946  51.93
1990-1994       26      0.00074  0.00074  0.50   98341      73   98304  5012569  50.97
1990-1994       27      0.00075  0.00075  0.50   98268      73   98232  4914265  50.01
1990-1994       28      0.00079  0.00079  0.50   98195      77   98156  4816033  49.05
1990-1994       29      0.00085  0.00085  0.50   98118      84   98076  4717877  48.08
1990-1994       30      0.00092  0.00092  0.50   98034      90   97989  4619801  47.12
1990-1994       31      0.00094  0.00094  0.50   97944      92   97898  4521812  46.17
1990-1994       32      0.00102  0.00102  0.50   97852     100   97802  4423914  45.21
1990-1994       33      0.00113  0.00113  0.50   97752     111   97696  4326112  44.26
1990-1994       34      0.00122  0.00121  0.50   97641     119   97582  4228416  43.31
1990-1994       35      0.00129  0.00129  0.50   97522     126   97459  4130835  42.36
1990-1994       36      0.00141  0.00141  0.50   97397     137   97328  4033375  41.41
1990-1994       37      0.00153  0.00153  0.50   97260     149   97185  3936047  40.47
1990-1994       38      0.00162  0.00162  0.50   97111     158   97032  3838862  39.53
1990-1994       39      0.00176  0.00176  0.50   96953     171   96868  3741830  38.59
1990-1994       40      0.00194  0.00194  0.50   96782     187   96688  3644963  37.66
1990-1994       41      0.00207  0.00207  0.50   96595     200   96495  3548274  36.73
1990-1994       42      0.00222  0.00222  0.50   96395     214   96288  3451779  35.81
1990-1994       43      0.00242  0.00242  0.50   96181     232   96065  3355491  34.89
1990-1994       44      0.00262  0.00261  0.50   95949     251   95823  3259427  33.97
1990-1994       45      0.00290  0.00289  0.50   95698     277   95559  3163603  33.06
1990-1994       46      0.00318  0.00317  0.50   95421     303   95270  3068044  32.15
1990-1994       47      0.00346  0.00346  0.50   95118     329   94954  2972774  31.25
1990-1994       48      0.00384  0.00384  0.50   94790     364   94608  2877820  30.36
1990-1994       49      0.00414  0.00413  0.50   94426     390   94231  2783213  29.48
1990-1994       50      0.00459  0.00458  0.50   94036     431   93820  2688982  28.60
1990-1994       51      0.00491  0.00490  0.50   93605     458   93376  2595161  27.72
1990-1994       52      0.00536  0.00534  0.50   93147     498   92898  2501786  26.86
1990-1994       53      0.00580  0.00579  0.50   92649     536   92381  2408888  26.00
1990-1994       54      0.00644  0.00642  0.50   92113     592   91817  2316507  25.15
1990-1994       55      0.00704  0.00702  0.50   91521     642   91200  2224690  24.31
1990-1994       56      0.00770  0.00767  0.50   90879     697   90530  2133490  23.48
1990-1994       57      0.00856  0.00852  0.50   90181     768   89797  2042960  22.65
1990-1994       58      0.00945  0.00941  0.50   89413     841   88992  1953163  21.84
1990-1994       59      0.01046  0.01041  0.50   88572     922   88111  1864171  21.05
1990-1994       60      0.01156  0.01149  0.50   87650    1007   87146  1776060  20.26
1990-1994       61      0.01261  0.01253  0.50   86643    1086   86100  1688914  19.49
1990-1994       62      0.01382  0.01373  0.50   85557    1175   84969  1602814  18.73
1990-1994       63      0.01497  0.01486  0.50   84382    1254   83755  1517845  17.99
1990-1994       64      0.01619  0.01606  0.50   83128    1335   82461  1434089  17.25
1990-1994       65      0.01729  0.01714  0.50   81793    1402   81092  1351629  16.52
1990-1994       66      0.01866  0.01849  0.50   80391    1486   79648  1270537  15.80
1990-1994       67      0.02010  0.01990  0.50   78905    1570   78119  1190889  15.09
1990-1994       68      0.02196  0.02172  0.50   77334    1679   76495  1112770  14.39
1990-1994       69      0.02413  0.02384  0.50   75655    1803   74753  1036275  13.70
1990-1994       70      0.02712  0.02676  0.50   73851    1976   72863   961522  13.02
1990-1994       71      0.02947  0.02904  0.50   71875    2087   70831   888659  12.36
1990-1994       72      0.03249  0.03197  0.50   69788    2231   68672   817828  11.72
1990-1994       73      0.03587  0.03524  0.50   67557    2381   66366   749155  11.09
1990-1994       74      0.03952  0.03876  0.50   65176    2526   63913   682789  10.48
1990-1994       75      0.04340  0.04248  0.50   62650    2662   61319   618876   9.88
1990-1994       76      0.04947  0.04827  0.50   59989    2896   58541   557557   9.29
1990-1994       77      0.05480  0.05333  0.50   57093    3045   55570   499016   8.74
1990-1994       78      0.06120  0.05938  0.50   54048    3209   52443   443446   8.20
1990-1994       79      0.06821  0.06596  0.50   50838    3353   49162   391002   7.69
1990-1994       80      0.07591  0.07313  0.50   47485    3473   45749   341841   7.20
1990-1994       81      0.08520  0.08172  0.50   44012    3597   42214   296092   6.73
1990-1994       82      0.09522  0.09089  0.50   40416    3674   38579   253878   6.28
1990-1994       83      0.10653  0.10114  0.50   36742    3716   34884   215299   5.86
1990-1994       84      0.11854  0.11191  0.50   33026    3696   31178   180415   5.46
1990-1994       85      0.13283  0.12456  0.50   29330    3653   27503   149237   5.09
1990-1994       86      0.14813  0.13791  0.50   25677    3541   23906   121733   4.74
1990-1994       87      0.16341  0.15107  0.50   22136    3344   20464    97827   4.42
1990-1994       88      0.18147  0.16638  0.50   18792    3126   17228    77363   4.12
1990-1994       89      0.19805  0.18021  0.50   15665    2823   14254    60135   3.84
1990-1994       90      0.22143  0.19936  0.50   12842    2560   11562    45881   3.57
1990-1994       91      0.24177  0.21570  0.50   10282    2218    9173    34319   3.34
1990-1994       92      0.26263  0.23215  0.50    8064    1872    7128    25146   3.12
1990-1994       93      0.28662  0.25069  0.50    6192    1552    5416    18018   2.91
1990-1994       94      0.31164  0.26963  0.50    4640    1251    4014    12602   2.72
1990-1994       95      0.34264  0.29252  0.50    3389     991    2893     8588   2.53
1990-1994       96      0.37143  0.31326  0.50    2397     751    2022     5695   2.38
1990-1994       97      0.40127  0.33422  0.50    1646     550    1371     3673   2.23
1990-1994       98      0.43196  0.35524  0.50    1096     389     901     2301   2.10
1990-1994       99      0.46328  0.37615  0.50     707     266     574     1400   1.98
1990-1994      100      0.49498  0.39678  0.50     441     175     353      826   1.87
1990-1994      101      0.52681  0.41698  0.50     266     111     211      473   1.78
1990-1994      102      0.55851  0.43659  0.50     155      68     121      262   1.69
1990-1994      103      0.58982  0.45549  0.50      87      40      67      141   1.61
1990-1994      104      0.62049  0.47357  0.50      48      23      36       73   1.54
1990-1994      105      0.65030  0.49073  0.50      25      12      19       37   1.48
1990-1994      106      0.67903  0.50692  0.50      13       6      10       18   1.43
1990-1994      107      0.70652  0.52209  0.50       6       3       5        9   1.38
1990-1994      108      0.73262  0.53621  0.50       3       2       2        4   1.34
1990-1994      109      0.75725  0.54928  0.50       1       1       1        2   1.30
1990-1994      110+     0.78032  1.00000  1.28       1       1       1        1   1.28
1995-1999        0      0.00487  0.00485  0.14  100000     485   99583  7718408  77.18
1995-1999        1      0.00045  0.00045  0.50   99515      44   99493  7618825  76.56
1995-1999        2      0.00028  0.00028  0.50   99471      28   99457  7519332  75.59
1995-1999        3      0.00021  0.00021  0.50   99443      21   99433  7419875  74.61
1995-1999        4      0.00018  0.00018  0.50   99422      18   99413  7320443  73.63
1995-1999        5      0.00014  0.00014  0.50   99404      14   99397  7221029  72.64
1995-1999        6      0.00015  0.00015  0.50   99390      15   99383  7121632  71.65
1995-1999        7      0.00014  0.00014  0.50   99376      13   99369  7022249  70.66
1995-1999        8      0.00012  0.00012  0.50   99362      12   99356  6922880  69.67
1995-1999        9      0.00012  0.00012  0.50   99350      12   99344  6823524  68.68
1995-1999       10      0.00012  0.00012  0.50   99338      12   99332  6724180  67.69
1995-1999       11      0.00012  0.00012  0.50   99326      12   99320  6624848  66.70
1995-1999       12      0.00014  0.00014  0.50   99314      14   99307  6525527  65.71
1995-1999       13      0.00016  0.00016  0.50   99301      16   99293  6426220  64.71
1995-1999       14      0.00020  0.00020  0.50   99285      20   99275  6326927  63.72
1995-1999       15      0.00026  0.00026  0.50   99265      26   99253  6227652  62.74
1995-1999       16      0.00037  0.00037  0.50   99240      37   99221  6128400  61.75
1995-1999       17      0.00047  0.00047  0.50   99203      47   99179  6029179  60.78
1995-1999       18      0.00075  0.00075  0.50   99156      75   99119  5929999  59.80
1995-1999       19      0.00073  0.00073  0.50   99081      73   99045  5830881  58.85
1995-1999       20      0.00070  0.00070  0.50   99009      69   98974  5731836  57.89
1995-1999       21      0.00069  0.00069  0.50   98940      68   98906  5632861  56.93
1995-1999       22      0.00064  0.00064  0.50   98872      64   98840  5533956  55.97
1995-1999       23      0.00064  0.00064  0.50   98808      63   98777  5435116  55.01
1995-1999       24      0.00064  0.00064  0.50   98745      63   98714  5336339  54.04
1995-1999       25      0.00062  0.00062  0.50   98682      61   98652  5237625  53.08
1995-1999       26      0.00061  0.00061  0.50   98621      60   98591  5138973  52.11
1995-1999       27      0.00065  0.00065  0.50   98561      64   98529  5040382  51.14
1995-1999       28      0.00068  0.00068  0.50   98497      67   98464  4941853  50.17
1995-1999       29      0.00069  0.00069  0.50   98430      68   98396  4843389  49.21
1995-1999       30      0.00071  0.00071  0.50   98362      70   98327  4744993  48.24
1995-1999       31      0.00077  0.00076  0.50   98292      75   98254  4646666  47.27
1995-1999       32      0.00081  0.00081  0.50   98217      79   98177  4548412  46.31
1995-1999       33      0.00088  0.00087  0.50   98137      86   98094  4450235  45.35
1995-1999       34      0.00096  0.00096  0.50   98051      94   98004  4352141  44.39
1995-1999       35      0.00104  0.00104  0.50   97958     102   97907  4254137  43.43
1995-1999       36      0.00116  0.00116  0.50   97856     113   97799  4156230  42.47
1995-1999       37      0.00128  0.00128  0.50   97742     125   97680  4058431  41.52
1995-1999       38      0.00138  0.00138  0.50   97618     134   97550  3960751  40.57
1995-1999       39      0.00153  0.00153  0.50   97483     149   97408  3863200  39.63
1995-1999       40      0.00168  0.00168  0.50   97334     163   97252  3765792  38.69
1995-1999       41      0.00188  0.00188  0.50   97171     183   97079  3668540  37.75
1995-1999       42      0.00209  0.00209  0.50   96988     202   96887  3571460  36.82
1995-1999       43      0.00228  0.00228  0.50   96786     220   96675  3474573  35.90
1995-1999       44      0.00247  0.00247  0.50   96565     238   96446  3377898  34.98
1995-1999       45      0.00271  0.00270  0.50   96327     261   96197  3281452  34.07
1995-1999       46      0.00290  0.00290  0.50   96066     278   95927  3185255  33.16
1995-1999       47      0.00315  0.00315  0.50   95788     302   95637  3089328  32.25
1995-1999       48      0.00343  0.00342  0.50   95487     327   95323  2993690  31.35
1995-1999       49      0.00371  0.00370  0.50   95160     352   94984  2898367  30.46
1995-1999       50      0.00412  0.00411  0.50   94807     390   94613  2803384  29.57
1995-1999       51      0.00451  0.00450  0.50   94418     425   94205  2708771  28.69
1995-1999       52      0.00493  0.00492  0.50   93993     462   93761  2614566  27.82
1995-1999       53      0.00535  0.00533  0.50   93530     499   93281  2520804  26.95
1995-1999       54      0.00574  0.00573  0.50   93032     533   92765  2427523  26.09
1995-1999       55      0.00622  0.00620  0.50   92499     574   92212  2334758  25.24
1995-1999       56      0.00675  0.00673  0.50   91925     618   91616  2242546  24.40
1995-1999       57      0.00739  0.00736  0.50   91307     672   90971  2150930  23.56
1995-1999       58      0.00790  0.00787  0.50   90635     713   90278  2059959  22.73
1995-1999       59      0.00885  0.00882  0.50   89921     793   89525  1969681  21.90
1995-1999       60      0.00977  0.00972  0.50   89129     867   88695  1880156  21.09
1995-1999       61      0.01080  0.01074  0.50   88262     948   87788  1791461  20.30
1995-1999       62      0.01183  0.01176  0.50   87314    1027   86801  1703673  19.51
1995-1999       63      0.01312  0.01304  0.50   86287    1125   85725  1616872  18.74
1995-1999       64      0.01447  0.01436  0.50   85162    1223   84551  1531147  17.98
1995-1999       65      0.01603  0.01590  0.50   83939    1335   83272  1446596  17.23
1995-1999       66      0.01748  0.01733  0.50   82605    1431   81889  1363325  16.50
1995-1999       67      0.01931  0.01912  0.50   81173    1552   80397  1281436  15.79
1995-1999       68      0.02102  0.02080  0.50   79621    1656   78793  1201039  15.08
1995-1999       69      0.02272  0.02247  0.50   77964    1752   77089  1122246  14.39
1995-1999       70      0.02445  0.02416  0.50   76213    1841   75292  1045158  13.71
1995-1999       71      0.02666  0.02631  0.50   74372    1957   73393   969865  13.04
1995-1999       72      0.02912  0.02871  0.50   72415    2079   71375   896472  12.38
1995-1999       73      0.03198  0.03148  0.50   70336    2214   69229   825097  11.73
1995-1999       74      0.03554  0.03492  0.50   68122    2379   66933   755868  11.10
1995-1999       75      0.04025  0.03946  0.50   65743    2594   64446   688935  10.48
1995-1999       76      0.04352  0.04259  0.50   63149    2690   61804   624489   9.89
1995-1999       77      0.04833  0.04719  0.50   60459    2853   59033   562685   9.31
1995-1999       78      0.05369  0.05229  0.50   57606    3012   56100   503652   8.74
1995-1999       79      0.05958  0.05786  0.50   54594    3159   53015   447552   8.20
1995-1999       80      0.06663  0.06448  0.50   51436    3317   49777   394537   7.67
1995-1999       81      0.07691  0.07406  0.50   48119    3564   46337   344760   7.16
1995-1999       82      0.08529  0.08180  0.50   44555    3645   42733   298423   6.70
1995-1999       83      0.09487  0.09057  0.50   40910    3705   39058   255690   6.25
1995-1999       84      0.10623  0.10087  0.50   37205    3753   35329   216632   5.82
1995-1999       85      0.11817  0.11158  0.50   33452    3733   31586   181304   5.42
1995-1999       86      0.13136  0.12327  0.50   29720    3663   27888   149718   5.04
1995-1999       87      0.14786  0.13768  0.50   26056    3587   24262   121830   4.68
1995-1999       88      0.16440  0.15192  0.50   22469    3413   20762    97568   4.34
1995-1999       89      0.18375  0.16828  0.50   19055    3207   17452    76806   4.03
1995-1999       90      0.20419  0.18528  0.50   15849    2936   14380    59354   3.75
1995-1999       91      0.22536  0.20254  0.50   12912    2615   11605    44974   3.48
1995-1999       92      0.24869  0.22119  0.50   10297    2278    9158    33369   3.24
1995-1999       93      0.27233  0.23969  0.50    8019    1922    7058    24211   3.02
1995-1999       94      0.29960  0.26057  0.50    6097    1589    5303    17152   2.81
1995-1999       95      0.32568  0.28007  0.50    4508    1263    3877    11850   2.63
1995-1999       96      0.35478  0.30133  0.50    3246     978    2757     7972   2.46
1995-1999       97      0.38508  0.32291  0.50    2268     732    1902     5216   2.30
1995-1999       98      0.41639  0.34464  0.50    1535     529    1271     3314   2.16
1995-1999       99      0.44847  0.36633  0.50    1006     369     822     2043   2.03
1995-1999      100      0.48106  0.38779  0.50     638     247     514     1221   1.92
1995-1999      101      0.51390  0.40884  0.50     390     160     311      707   1.81
1995-1999      102      0.54668  0.42933  0.50     231      99     181      397   1.72
1995-1999      103      0.57913  0.44909  0.50     132      59     102      215   1.64
1995-1999      104      0.61097  0.46800  0.50      73      34      56      113   1.56
1995-1999      105      0.64195  0.48596  0.50      39      19      29       58   1.50
1995-1999      106      0.67183  0.50290  0.50      20      10      15       29   1.44
1995-1999      107      0.70042  0.51875  0.50      10       5       7       14   1.39
1995-1999      108      0.72757  0.53349  0.50       5       3       3        6   1.34
1995-1999      109      0.75316  0.54713  0.50       2       1       2        3   1.31
1995-1999      110+     0.77711  1.00000  1.29       1       1       1        1   1.29
2000-2004        0      0.00422  0.00421  0.14  100000     421   99638  7852011  78.52
2000-2004        1      0.00039  0.00039  0.50   99579      39   99560  7752372  77.85
2000-2004        2      0.00022  0.00022  0.50   99540      22   99529  7652813  76.88
2000-2004        3      0.00019  0.00019  0.50   99518      18   99509  7553284  75.90
2000-2004        4      0.00014  0.00014  0.50   99500      14   99493  7453774  74.91
2000-2004        5      0.00013  0.00013  0.50   99486      13   99480  7354281  73.92
2000-2004        6      0.00011  0.00011  0.50   99474      11   99468  7254801  72.93
2000-2004        7      0.00010  0.00010  0.50   99462      10   99457  7155333  71.94
2000-2004        8      0.00011  0.00011  0.50   99452      11   99447  7055876  70.95
2000-2004        9      0.00010  0.00010  0.50   99441      10   99437  6956429  69.96
2000-2004       10      0.00009  0.00009  0.50   99432       9   99427  6856992  68.96
2000-2004       11      0.00012  0.00012  0.50   99423      12   99416  6757565  67.97
2000-2004       12      0.00012  0.00012  0.50   99410      12   99405  6658149  66.98
2000-2004       13      0.00013  0.00013  0.50   99399      13   99392  6558744  65.98
2000-2004       14      0.00016  0.00016  0.50   99386      16   99378  6459352  64.99
2000-2004       15      0.00021  0.00021  0.50   99370      21   99359  6359974  64.00
2000-2004       16      0.00031  0.00031  0.50   99349      31   99333  6260614  63.02
2000-2004       17      0.00038  0.00038  0.50   99318      38   99299  6161281  62.04
2000-2004       18      0.00058  0.00058  0.50   99280      58   99251  6061983  61.06
2000-2004       19      0.00060  0.00060  0.50   99222      59   99192  5962732  60.10
2000-2004       20      0.00060  0.00060  0.50   99163      60   99133  5863540  59.13
2000-2004       21      0.00056  0.00056  0.50   99103      56   99075  5764407  58.17
2000-2004       22      0.00055  0.00055  0.50   99047      54   99020  5665333  57.20
2000-2004       23      0.00054  0.00054  0.50   98993      54   98966  5566313  56.23
2000-2004       24      0.00054  0.00054  0.50   98939      53   98913  5467347  55.26
2000-2004       25      0.00052  0.00052  0.50   98886      51   98861  5368434  54.29
2000-2004       26      0.00052  0.00052  0.50   98835      52   98809  5269573  53.32
2000-2004       27      0.00054  0.00054  0.50   98783      54   98756  5170764  52.34
2000-2004       28      0.00055  0.00055  0.50   98730      54   98702  5072008  51.37
2000-2004       29      0.00055  0.00055  0.50   98675      54   98648  4973305  50.40
2000-2004       30      0.00057  0.00057  0.50   98621      56   98593  4874657  49.43
2000-2004       31      0.00061  0.00061  0.50   98565      60   98535  4776064  48.46
2000-2004       32      0.00064  0.00064  0.50   98505      63   98473  4677529  47.49
2000-2004       33      0.00068  0.00068  0.50   98441      67   98408  4579056  46.52
2000-2004       34      0.00076  0.00076  0.50   98374      75   98337  4480649  45.55
2000-2004       35      0.00084  0.00084  0.50   98299      82   98258  4382312  44.58
2000-2004       36      0.00091  0.00091  0.50   98217      89   98172  4284054  43.62
2000-2004       37      0.00099  0.00099  0.50   98128      97   98079  4185882  42.66
2000-2004       38      0.00112  0.00112  0.50   98031     110   97976  4087802  41.70
2000-2004       39      0.00124  0.00124  0.50   97921     121   97861  3989826  40.75
2000-2004       40      0.00138  0.00138  0.50   97800     135   97732  3891965  39.80
2000-2004       41      0.00154  0.00154  0.50   97665     150   97590  3794233  38.85
2000-2004       42      0.00176  0.00176  0.50   97514     171   97429  3696644  37.91
2000-2004       43      0.00197  0.00197  0.50   97343     191   97247  3599215  36.97
2000-2004       44      0.00214  0.00214  0.50   97152     208   97048  3501967  36.05
2000-2004       45      0.00241  0.00241  0.50   96944     234   96827  3404920  35.12
2000-2004       46      0.00269  0.00269  0.50   96710     260   96580  3308093  34.21
2000-2004       47      0.00294  0.00293  0.50   96450     283   96309  3211513  33.30
2000-2004       48      0.00320  0.00320  0.50   96167     308   96013  3115204  32.39
2000-2004       49      0.00352  0.00351  0.50   95860     337   95691  3019191  31.50
2000-2004       50      0.00380  0.00379  0.50   95523     362   95342  2923500  30.61
2000-2004       51      0.00408  0.00407  0.50   95161     387   94968  2828158  29.72
2000-2004       52      0.00449  0.00448  0.50   94774     425   94562  2733190  28.84
2000-2004       53      0.00482  0.00481  0.50   94349     454   94122  2638628  27.97
2000-2004       54      0.00526  0.00525  0.50   93895     493   93649  2544506  27.10
2000-2004       55      0.00570  0.00569  0.50   93402     531   93137  2450858  26.24
2000-2004       56      0.00615  0.00613  0.50   92871     569   92587  2357721  25.39
2000-2004       57      0.00677  0.00675  0.50   92302     623   91990  2265134  24.54
2000-2004       58      0.00741  0.00738  0.50   91679     677   91340  2173144  23.70
2000-2004       59      0.00791  0.00788  0.50   91002     717   90643  2081804  22.88
2000-2004       60      0.00858  0.00854  0.50   90285     771   89899  1991161  22.05
2000-2004       61      0.00925  0.00920  0.50   89514     824   89102  1901262  21.24
2000-2004       62      0.01010  0.01005  0.50   88690     891   88244  1812160  20.43
2000-2004       63      0.01093  0.01087  0.50   87799     955   87321  1723916  19.63
2000-2004       64      0.01191  0.01184  0.50   86844    1028   86330  1636594  18.85
2000-2004       65      0.01330  0.01321  0.50   85816    1134   85249  1550264  18.07
2000-2004       66      0.01464  0.01453  0.50   84682    1231   84067  1465015  17.30
2000-2004       67      0.01617  0.01604  0.50   83452    1338   82782  1380948  16.55
2000-2004       68      0.01795  0.01779  0.50   82113    1461   81383  1298166  15.81
2000-2004       69      0.01973  0.01954  0.50   80653    1576   79865  1216783  15.09
2000-2004       70      0.02200  0.02176  0.50   79077    1720   78216  1136918  14.38
2000-2004       71      0.02434  0.02405  0.50   77356    1861   76426  1058702  13.69
2000-2004       72      0.02677  0.02641  0.50   75496    1994   74499   982276  13.01
2000-2004       73      0.02926  0.02884  0.50   73502    2120   72442   907777  12.35
2000-2004       74      0.03205  0.03154  0.50   71382    2252   70256   835336  11.70
2000-2004       75      0.03521  0.03460  0.50   69130    2392   67934   765080  11.07
2000-2004       76      0.03848  0.03776  0.50   66738    2520   65478   697145  10.45
2000-2004       77      0.04248  0.04160  0.50   64219    2671   62883   631667   9.84
2000-2004       78      0.04743  0.04633  0.50   61547    2851   60122   568784   9.24
2000-2004       79      0.05308  0.05171  0.50   58696    3035   57178   508663   8.67
2000-2004       80      0.06102  0.05921  0.50   55661    3296   54013   451484   8.11
2000-2004       81      0.06769  0.06548  0.50   52365    3429   50651   397471   7.59
2000-2004       82      0.07549  0.07274  0.50   48936    3560   47156   346821   7.09
2000-2004       83      0.08524  0.08175  0.50   45377    3710   43522   299664   6.60
2000-2004       84      0.09446  0.09020  0.50   41667    3758   39788   256143   6.15
2000-2004       85      0.10530  0.10004  0.50   37908    3792   36012   216355   5.71
2000-2004       86      0.12151  0.11455  0.50   34116    3908   32162   180343   5.29
2000-2004       87      0.13682  0.12806  0.50   30208    3869   28274   148181   4.91
2000-2004       88      0.15237  0.14158  0.50   26340    3729   24475   119907   4.55
2000-2004       89      0.17096  0.15750  0.50   22610    3561   20830    95432   4.22
2000-2004       90      0.18884  0.17255  0.50   19049    3287   17406    74602   3.92
2000-2004       91      0.21281  0.19234  0.50   15762    3032   14247    57196   3.63
2000-2004       92      0.23498  0.21028  0.50   12731    2677   11392    42949   3.37
2000-2004       93      0.25738  0.22804  0.50   10054    2293    8907    31557   3.14
2000-2004       94      0.28149  0.24676  0.50    7761    1915    6804    22650   2.92
2000-2004       95      0.31152  0.26953  0.50    5846    1576    5058    15846   2.71
2000-2004       96      0.34092  0.29127  0.50    4270    1244    3648    10788   2.53
2000-2004       97      0.37169  0.31344  0.50    3026     949    2552     7139   2.36
2000-2004       98      0.40363  0.33585  0.50    2078     698    1729     4587   2.21
2000-2004       99      0.43650  0.35830  0.50    1380     494    1133     2858   2.07
2000-2004      100      0.47001  0.38058  0.50     886     337     717     1726   1.95
2000-2004      101      0.50388  0.40248  0.50     549     221     438     1009   1.84
2000-2004      102      0.53780  0.42383  0.50     328     139     258      570   1.74
2000-2004      103      0.57143  0.44445  0.50     189      84     147      312   1.65
2000-2004      104      0.60448  0.46419  0.50     105      49      81      165   1.57
2000-2004      105      0.63666  0.48293  0.50      56      27      43       85   1.51
2000-2004      106      0.66771  0.50059  0.50      29      15      22       42   1.44
2000-2004      107      0.69742  0.51710  0.50      15       8      11       20   1.39
2000-2004      108      0.72559  0.53243  0.50       7       4       5        9   1.35
2000-2004      109      0.75212  0.54657  0.50       3       2       2        4   1.31
2000-2004      110+     0.77689  1.00000  1.29       1       1       2        2   1.29
2005-2009        0      0.00372  0.00370  0.14  100000     370   99682  7966606  79.67
2005-2009        1      0.00032  0.00032  0.50   99630      32   99614  7866924  78.96
2005-2009        2      0.00019  0.00019  0.50   99598      18   99588  7767310  77.99
2005-2009        3      0.00015  0.00015  0.50   99579      15   99572  7667722  77.00
2005-2009        4      0.00013  0.00013  0.50   99564      13   99558  7568150  76.01
2005-2009        5      0.00011  0.00011  0.50   99551      11   99546  7468592  75.02
2005-2009        6      0.00010  0.00010  0.50   99541      10   99536  7369046  74.03
2005-2009        7      0.00009  0.00009  0.50   99531       9   99526  7269510  73.04
2005-2009        8      0.00009  0.00009  0.50   99522       9   99518  7169984  72.04
2005-2009        9      0.00008  0.00008  0.50   99513       8   99509  7070466  71.05
2005-2009       10      0.00008  0.00008  0.50   99505       8   99501  6970957  70.06
2005-2009       11      0.00009  0.00009  0.50   99497       9   99492  6871456  69.06
2005-2009       12      0.00010  0.00010  0.50   99488      10   99483  6771964  68.07
2005-2009       13      0.00011  0.00011  0.50   99478      11   99472  6672481  67.07
2005-2009       14      0.00015  0.00015  0.50   99467      14   99460  6573008  66.08
2005-2009       15      0.00018  0.00018  0.50   99452      17   99444  6473549  65.09
2005-2009       16      0.00023  0.00023  0.50   99435      23   99423  6374105  64.10
2005-2009       17      0.00028  0.00028  0.50   99412      28   99398  6274682  63.12
2005-2009       18      0.00042  0.00042  0.50   99384      42   99363  6175284  62.14
2005-2009       19      0.00041  0.00041  0.50   99342      41   99322  6075921  61.16
2005-2009       20      0.00043  0.00043  0.50   99301      43   99280  5976600  60.19
2005-2009       21      0.00041  0.00041  0.50   99258      41   99238  5877320  59.21
2005-2009       22      0.00043  0.00042  0.50   99217      42   99196  5778082  58.24
2005-2009       23      0.00042  0.00042  0.50   99175      42   99154  5678886  57.26
2005-2009       24      0.00042  0.00042  0.50   99133      42   99113  5579732  56.29
2005-2009       25      0.00043  0.00043  0.50   99092      43   99070  5480619  55.31
2005-2009       26      0.00046  0.00046  0.50   99049      45   99027  5381549  54.33
2005-2009       27      0.00046  0.00046  0.50   99004      45   98981  5282522  53.36
2005-2009       28      0.00045  0.00045  0.50   98959      45   98936  5183541  52.38
2005-2009       29      0.00048  0.00048  0.50   98914      47   98890  5084605  51.40
2005-2009       30      0.00050  0.00050  0.50   98867      49   98842  4985714  50.43
2005-2009       31      0.00055  0.00055  0.50   98818      54   98791  4886872  49.45
2005-2009       32      0.00056  0.00056  0.50   98764      55   98736  4788081  48.48
2005-2009       33      0.00059  0.00058  0.50   98708      58   98679  4689345  47.51
2005-2009       34      0.00064  0.00064  0.50   98650      63   98619  4590666  46.53
2005-2009       35      0.00069  0.00069  0.50   98588      68   98554  4492047  45.56
2005-2009       36      0.00074  0.00074  0.50   98520      73   98483  4393493  44.60
2005-2009       37      0.00081  0.00081  0.50   98447      79   98407  4295010  43.63
2005-2009       38      0.00089  0.00089  0.50   98367      87   98324  4196603  42.66
2005-2009       39      0.00101  0.00101  0.50   98280      99   98230  4098280  41.70
2005-2009       40      0.00113  0.00113  0.50   98181     111   98125  4000049  40.74
2005-2009       41      0.00124  0.00124  0.50   98070     121   98009  3901924  39.79
2005-2009       42      0.00139  0.00139  0.50   97949     136   97881  3803915  38.84
2005-2009       43      0.00159  0.00159  0.50   97813     156   97735  3706034  37.89
2005-2009       44      0.00176  0.00176  0.50   97657     172   97571  3608299  36.95
2005-2009       45      0.00201  0.00201  0.50   97485     196   97387  3510728  36.01
2005-2009       46      0.00226  0.00226  0.50   97289     220   97179  3413341  35.08
2005-2009       47      0.00254  0.00254  0.50   97069     247   96946  3316162  34.16
2005-2009       48      0.00281  0.00281  0.50   96823     272   96687  3219216  33.25
2005-2009       49      0.00314  0.00313  0.50   96551     302   96399  3122529  32.34
2005-2009       50      0.00344  0.00343  0.50   96248     330   96083  3026130  31.44
2005-2009       51      0.00380  0.00380  0.50   95918     364   95736  2930047  30.55
2005-2009       52      0.00417  0.00417  0.50   95554     398   95355  2834311  29.66
2005-2009       53      0.00451  0.00450  0.50   95156     428   94942  2738956  28.78
2005-2009       54      0.00494  0.00493  0.50   94728     467   94494  2644014  27.91
2005-2009       55      0.00537  0.00535  0.50   94260     505   94008  2549520  27.05
2005-2009       56      0.00578  0.00576  0.50   93756     540   93486  2455512  26.19
2005-2009       57      0.00619  0.00617  0.50   93216     575   92928  2362026  25.34
2005-2009       58      0.00683  0.00681  0.50   92641     631   92325  2269098  24.49
2005-2009       59      0.00731  0.00729  0.50   92010     671   91675  2176773  23.66
2005-2009       60      0.00807  0.00804  0.50   91339     735   90972  2085098  22.83
2005-2009       61      0.00876  0.00872  0.50   90605     790   90210  1994126  22.01
2005-2009       62      0.00945  0.00941  0.50   89815     845   89392  1903916  21.20
2005-2009       63      0.01017  0.01012  0.50   88970     901   88519  1814524  20.39
2005-2009       64      0.01083  0.01077  0.50   88069     949   87595  1726005  19.60
2005-2009       65      0.01182  0.01175  0.50   87120    1024   86608  1638410  18.81
2005-2009       66      0.01274  0.01266  0.50   86097    1090   85552  1551802  18.02
2005-2009       67      0.01380  0.01370  0.50   85007    1165   84424  1466250  17.25
2005-2009       68      0.01504  0.01493  0.50   83842    1252   83216  1381826  16.48
2005-2009       69      0.01663  0.01649  0.50   82590    1362   81909  1298610  15.72
2005-2009       70      0.01835  0.01818  0.50   81228    1477   80490  1216700  14.98
2005-2009       71      0.02031  0.02011  0.50   79751    1604   78949  1136211  14.25
2005-2009       72      0.02269  0.02243  0.50   78147    1753   77271  1057262  13.53
2005-2009       73      0.02517  0.02486  0.50   76394    1899   75445   979991  12.83
2005-2009       74      0.02828  0.02789  0.50   74495    2077   73457   904546  12.14
2005-2009       75      0.03160  0.03111  0.50   72418    2253   71292   831089  11.48
2005-2009       76      0.03545  0.03484  0.50   70165    2444   68943   759798  10.83
2005-2009       77      0.03956  0.03879  0.50   67721    2627   66407   690855  10.20
2005-2009       78      0.04422  0.04326  0.50   65094    2816   63686   624447   9.59
2005-2009       79      0.04883  0.04766  0.50   62278    2968   60794   560761   9.00
2005-2009       80      0.05541  0.05392  0.50   59310    3198   57711   499967   8.43
2005-2009       81      0.06182  0.05997  0.50   56112    3365   54429   442257   7.88
2005-2009       82      0.06942  0.06710  0.50   52747    3539   50977   387828   7.35
2005-2009       83      0.07828  0.07533  0.50   49208    3707   47354   336851   6.85
2005-2009       84      0.08801  0.08430  0.50   45501    3836   43583   289497   6.36
2005-2009       85      0.10181  0.09688  0.50   41665    4037   39647   245914   5.90
2005-2009       86      0.11289  0.10685  0.50   37629    4021   35618   206267   5.48
2005-2009       87      0.12774  0.12007  0.50   33608    4035   31590   170648   5.08
2005-2009       88      0.14387  0.13422  0.50   29572    3969   27588   139058   4.70
2005-2009       89      0.16033  0.14843  0.50   25603    3800   23703   111471   4.35
2005-2009       90      0.17684  0.16247  0.50   21803    3542   20032    87767   4.03
2005-2009       91      0.20398  0.18510  0.50   18261    3380   16571    67736   3.71
2005-2009       92      0.22682  0.20371  0.50   14880    3031   13365    51165   3.44
2005-2009       93      0.24976  0.22203  0.50   11849    2631   10534    37800   3.19
2005-2009       94      0.27781  0.24393  0.50    9218    2249    8094    27267   2.96
2005-2009       95      0.30361  0.26359  0.50    6970    1837    6051    19173   2.75
2005-2009       96      0.33384  0.28609  0.50    5133    1468    4398    13122   2.56
2005-2009       97      0.36561  0.30910  0.50    3664    1133    3098     8723   2.38
2005-2009       98      0.39867  0.33241  0.50    2532     842    2111     5625   2.22
2005-2009       99      0.43276  0.35578  0.50    1690     601    1389     3515   2.08
2005-2009      100      0.46757  0.37897  0.50    1089     413     882     2125   1.95
2005-2009      101      0.50277  0.40177  0.50     676     272     540     1243   1.84
2005-2009      102      0.53799  0.42395  0.50     404     171     319      702   1.74
2005-2009      103      0.57289  0.44533  0.50     233     104     181      384   1.65
2005-2009      104      0.60713  0.46575  0.50     129      60      99      202   1.57
2005-2009      105      0.64038  0.48507  0.50      69      33      52      103   1.50
2005-2009      106      0.67236  0.50320  0.50      36      18      27       51   1.43
2005-2009      107      0.70285  0.52008  0.50      18       9      13       24   1.38
2005-2009      108      0.73165  0.53568  0.50       8       5       6       11   1.34
2005-2009      109      0.75863  0.55001  0.50       4       2       3        5   1.30
2005-2009      110+     0.78372  1.00000  1.28       2       2       2        2   1.28
2010-2014        0      0.00339  0.00338  0.14  100000     338   99710  8046762  80.47
2010-2014        1      0.00027  0.00027  0.50   99662      27   99648  7947052  79.74
2010-2014        2      0.00015  0.00015  0.50   99635      15   99628  7847404  78.76
2010-2014        3      0.00012  0.00012  0.50   99620      12   99614  7747776  77.77
2010-2014        4      0.00011  0.00011  0.50   99608      11   99603  7648162  76.78
2010-2014        5      0.00010  0.00010  0.50   99597      10   99592  7548559  75.79
2010-2014        6      0.00008  0.00008  0.50   99587       8   99583  7448967  74.80
2010-2014        7      0.00008  0.00008  0.50   99579       8   99575  7349384  73.80
2010-2014        8      0.00008  0.00008  0.50   99571       8   99567  7249810  72.81
2010-2014        9      0.00008  0.00008  0.50   99563       8   99559  7150242  71.82
2010-2014       10      0.00007  0.00007  0.50   99555       7   99552  7050683  70.82
2010-2014       11      0.00007  0.00007  0.50   99548       7   99545  6951132  69.83
2010-2014       12      0.00009  0.00009  0.50   99541       9   99537  6851587  68.83
2010-2014       13      0.00010  0.00010  0.50   99532      10   99527  6752050  67.84
2010-2014       14      0.00011  0.00011  0.50   99522      11   99517  6652523  66.84
2010-2014       15      0.00014  0.00014  0.50   99511      14   99504  6553006  65.85
2010-2014       16      0.00020  0.00020  0.50   99497      20   99487  6453502  64.86
2010-2014       17      0.00024  0.00024  0.50   99478      24   99466  6354015  63.87
2010-2014       18      0.00033  0.00033  0.50   99454      33   99437  6254549  62.89
2010-2014       19      0.00034  0.00034  0.50   99421      34   99404  6155112  61.91
2010-2014       20      0.00034  0.00034  0.50   99387      34   99370  6055708  60.93
2010-2014       21      0.00035  0.00035  0.50   99353      35   99335  5956338  59.95
2010-2014       22      0.00034  0.00034  0.50   99318      34   99301  5857003  58.97
2010-2014       23      0.00038  0.00038  0.50   99284      38   99265  5757702  57.99
2010-2014       24      0.00036  0.00036  0.50   99246      36   99228  5658438  57.01
2010-2014       25      0.00038  0.00038  0.50   99210      37   99191  5559210  56.03
2010-2014       26      0.00038  0.00038  0.50   99172      38   99154  5460019  55.06
2010-2014       27      0.00041  0.00041  0.50   99135      40   99114  5360865  54.08
2010-2014       28      0.00042  0.00042  0.50   99094      41   99074  5261751  53.10
2010-2014       29      0.00045  0.00045  0.50   99053      44   99031  5162677  52.12
2010-2014       30      0.00045  0.00045  0.50   99009      45   98986  5063646  51.14
2010-2014       31      0.00049  0.00049  0.50   98964      48   98940  4964660  50.17
2010-2014       32      0.00053  0.00053  0.50   98916      52   98890  4865720  49.19
2010-2014       33      0.00057  0.00057  0.50   98864      56   98835  4766830  48.22
2010-2014       34      0.00060  0.00060  0.50   98807      59   98778  4667995  47.24
2010-2014       35      0.00063  0.00063  0.50   98748      62   98717  4569217  46.27
2010-2014       36      0.00068  0.00068  0.50   98686      67   98653  4470500  45.30
2010-2014       37      0.00071  0.00071  0.50   98619      70   98584  4371847  44.33
2010-2014       38      0.00083  0.00083  0.50   98549      82   98508  4273262  43.36
2010-2014       39      0.00090  0.00090  0.50   98467      89   98423  4174754  42.40
2010-2014       40      0.00097  0.00097  0.50   98379      96   98331  4076331  41.44
2010-2014       41      0.00108  0.00108  0.50   98283     106   98230  3978001  40.47
2010-2014       42      0.00121  0.00121  0.50   98177     119   98117  3879771  39.52
2010-2014       43      0.00135  0.00135  0.50   98058     133   97991  3781653  38.57
2010-2014       44      0.00150  0.00150  0.50   97925     147   97852  3683662  37.62
2010-2014       45      0.00167  0.00167  0.50   97778     163   97696  3585810  36.67
2010-2014       46      0.00187  0.00187  0.50   97615     182   97524  3488114  35.73
2010-2014       47      0.00213  0.00213  0.50   97432     208   97329  3390590  34.80
2010-2014       48      0.00235  0.00235  0.50   97225     228   97111  3293262  33.87
2010-2014       49      0.00268  0.00268  0.50   96997     260   96867  3196151  32.95
2010-2014       50      0.00297  0.00296  0.50   96737     287   96593  3099284  32.04
2010-2014       51      0.00339  0.00339  0.50   96450     327   96287  3002691  31.13
2010-2014       52      0.00376  0.00375  0.50   96123     360   95943  2906405  30.24
2010-2014       53      0.00416  0.00415  0.50   95763     398   95564  2810461  29.35
2010-2014       54      0.00459  0.00458  0.50   95365     437   95147  2714897  28.47
2010-2014       55      0.00500  0.00499  0.50   94929     474   94692  2619750  27.60
2010-2014       56      0.00546  0.00544  0.50   94455     514   94198  2525058  26.73
2010-2014       57      0.00597  0.00595  0.50   93941     559   93661  2430860  25.88
2010-2014       58      0.00653  0.00651  0.50   93382     608   93078  2337199  25.03
2010-2014       59      0.00712  0.00709  0.50   92774     658   92445  2244121  24.19
2010-2014       60      0.00779  0.00776  0.50   92116     715   91758  2151676  23.36
2010-2014       61      0.00841  0.00838  0.50   91401     766   91018  2059918  22.54
2010-2014       62      0.00903  0.00899  0.50   90635     814   90228  1968900  21.72
2010-2014       63      0.00977  0.00972  0.50   89821     873   89384  1878672  20.92
2010-2014       64      0.01066  0.01061  0.50   88948     944   88476  1789288  20.12
2010-2014       65      0.01150  0.01143  0.50   88004    1006   87501  1700812  19.33
2010-2014       66      0.01257  0.01250  0.50   86998    1087   86454  1613311  18.54
2010-2014       67      0.01338  0.01329  0.50   85911    1142   85340  1526856  17.77
2010-2014       68      0.01458  0.01448  0.50   84769    1227   84155  1441517  17.01
2010-2014       69      0.01561  0.01549  0.50   83542    1294   82895  1357361  16.25
2010-2014       70      0.01702  0.01687  0.50   82248    1388   81554  1274466  15.50
2010-2014       71      0.01843  0.01826  0.50   80860    1477   80121  1192913  14.75
2010-2014       72      0.02014  0.01993  0.50   79383    1582   78592  1112791  14.02
2010-2014       73      0.02211  0.02186  0.50   77801    1701   76950  1034199  13.29
2010-2014       74      0.02454  0.02424  0.50   76100    1845   75177   957249  12.58
2010-2014       75      0.02765  0.02727  0.50   74255    2025   73242   882072  11.88
2010-2014       76      0.03102  0.03055  0.50   72230    2206   71126   808830  11.20
2010-2014       77      0.03494  0.03434  0.50   70023    2405   68821   737704  10.54
2010-2014       78      0.03962  0.03885  0.50   67619    2627   66305   668883   9.89
2010-2014       79      0.04505  0.04406  0.50   64992    2863   63560   602578   9.27
2010-2014       80      0.05055  0.04930  0.50   62128    3063   60597   539018   8.68
2010-2014       81      0.05786  0.05623  0.50   59065    3322   57405   478421   8.10
2010-2014       82      0.06581  0.06371  0.50   55744    3551   53968   421016   7.55
2010-2014       83      0.07435  0.07169  0.50   52192    3742   50322   367048   7.03
2010-2014       84      0.08400  0.08062  0.50   48451    3906   46498   316726   6.54
2010-2014       85      0.09470  0.09042  0.50   44545    4028   42531   270229   6.07
2010-2014       86      0.10745  0.10197  0.50   40517    4132   38452   227697   5.62
2010-2014       87      0.12104  0.11413  0.50   36386    4153   34309   189246   5.20
2010-2014       88      0.13681  0.12805  0.50   32233    4127   30169   154937   4.81
2010-2014       89      0.15438  0.14332  0.50   28105    4028   26091   124767   4.44
2010-2014       90      0.17570  0.16151  0.50   24077    3889   22133    98676   4.10
2010-2014       91      0.19581  0.17835  0.50   20189    3601   18388    76543   3.79
2010-2014       92      0.21908  0.19745  0.50   16588    3275   14950    58155   3.51
2010-2014       93      0.24297  0.21665  0.50   13313    2884   11871    43204   3.25
2010-2014       94      0.26528  0.23421  0.50   10429    2442    9207    31334   3.00
2010-2014       95      0.29887  0.26001  0.50    7986    2076    6948    22126   2.77
2010-2014       96      0.32996  0.28323  0.50    5910    1674    5073    15178   2.57
2010-2014       97      0.36275  0.30706  0.50    4236    1301    3585    10106   2.39
2010-2014       98      0.39700  0.33124  0.50    2935     972    2449     6520   2.22
2010-2014       99      0.43241  0.35554  0.50    1963     698    1614     4071   2.07
2010-2014      100      0.46864  0.37967  0.50    1265     480    1025     2457   1.94
2010-2014      101      0.50530  0.40338  0.50     785     317     626     1432   1.83
2010-2014      102      0.54200  0.42644  0.50     468     200     368      806   1.72
2010-2014      103      0.57833  0.44861  0.50     269     120     208      438   1.63
2010-2014      104      0.61390  0.46972  0.50     148      70     113      229   1.55
2010-2014      105      0.64835  0.48963  0.50      79      38      59      116   1.48
2010-2014      106      0.68138  0.50823  0.50      40      20      30       57   1.42
2010-2014      107      0.71272  0.52546  0.50      20      10      15       27   1.36
2010-2014      108      0.74218  0.54131  0.50       9       5       7       12   1.32
2010-2014      109      0.76962  0.55576  0.50       4       2       3        5   1.28
2010-2014      110+     0.79498  1.00000  1.26       2       2       2        2   1.26
2015-2017        0      0.00336  0.00335  0.14  100000     335   99713  8078874  80.79
2015-2017        1      0.00026  0.00026  0.50   99665      26   99652  7979161  80.06
2015-2017        2      0.00014  0.00014  0.50   99639      14   99632  7879509  79.08
2015-2017        3      0.00011  0.00011  0.50   99625      11   99619  7779876  78.09
2015-2017        4      0.00010  0.00010  0.50   99614      10   99609  7680257  77.10
2015-2017        5      0.00010  0.00010  0.50   99604      10   99599  7580648  76.11
2015-2017        6      0.00009  0.00009  0.50   99594       9   99590  7481049  75.12
2015-2017        7      0.00007  0.00007  0.50   99586       7   99582  7381459  74.12
2015-2017        8      0.00007  0.00007  0.50   99579       7   99575  7281876  73.13
2015-2017        9      0.00006  0.00006  0.50   99572       6   99569  7182301  72.13
2015-2017       10      0.00007  0.00007  0.50   99565       7   99562  7082733  71.14
2015-2017       11      0.00008  0.00008  0.50   99559       8   99555  6983171  70.14
2015-2017       12      0.00008  0.00008  0.50   99551       8   99547  6883616  69.15
2015-2017       13      0.00009  0.00009  0.50   99543       9   99539  6784069  68.15
2015-2017       14      0.00011  0.00011  0.50   99534      11   99528  6684530  67.16
2015-2017       15      0.00014  0.00014  0.50   99523      14   99516  6585002  66.17
2015-2017       16      0.00020  0.00020  0.50   99509      20   99499  6485486  65.18
2015-2017       17      0.00022  0.00022  0.50   99489      21   99478  6385987  64.19
2015-2017       18      0.00029  0.00029  0.50   99467      29   99453  6286509  63.20
2015-2017       19      0.00030  0.00030  0.50   99438      30   99424  6187056  62.22
2015-2017       20      0.00033  0.00033  0.50   99409      33   99392  6087633  61.24
2015-2017       21      0.00031  0.00031  0.50   99376      31   99361  5988240  60.26
2015-2017       22      0.00032  0.00032  0.50   99346      32   99330  5888879  59.28
2015-2017       23      0.00031  0.00031  0.50   99314      31   99298  5789550  58.30
2015-2017       24      0.00033  0.00033  0.50   99283      33   99266  5690251  57.31
2015-2017       25      0.00032  0.00032  0.50   99250      32   99234  5590985  56.33
2015-2017       26      0.00034  0.00034  0.50   99218      34   99201  5491751  55.35
2015-2017       27      0.00036  0.00036  0.50   99184      36   99167  5392550  54.37
2015-2017       28      0.00038  0.00038  0.50   99149      37   99130  5293383  53.39
2015-2017       29      0.00042  0.00042  0.50   99111      42   99090  5194253  52.41
2015-2017       30      0.00045  0.00045  0.50   99070      45   99047  5095163  51.43
2015-2017       31      0.00050  0.00050  0.50   99025      50   99000  4996116  50.45
2015-2017       32      0.00052  0.00052  0.50   98975      51   98949  4897116  49.48
2015-2017       33      0.00055  0.00055  0.50   98924      54   98896  4798167  48.50
2015-2017       34      0.00061  0.00060  0.50   98869      60   98839  4699270  47.53
2015-2017       35      0.00064  0.00064  0.50   98809      63   98778  4600431  46.56
2015-2017       36      0.00067  0.00067  0.50   98746      66   98713  4501653  45.59
2015-2017       37      0.00074  0.00074  0.50   98680      73   98643  4402940  44.62
2015-2017       38      0.00082  0.00082  0.50   98607      81   98567  4304296  43.65
2015-2017       39      0.00085  0.00085  0.50   98526      83   98485  4205730  42.69
2015-2017       40      0.00098  0.00098  0.50   98443      97   98395  4107245  41.72
2015-2017       41      0.00103  0.00103  0.50   98346     101   98296  4008850  40.76
2015-2017       42      0.00113  0.00113  0.50   98245     111   98190  3910554  39.80
2015-2017       43      0.00125  0.00125  0.50   98134     122   98073  3812364  38.85
2015-2017       44      0.00141  0.00141  0.50   98012     138   97943  3714291  37.90
2015-2017       45      0.00158  0.00158  0.50   97874     154   97797  3616348  36.95
2015-2017       46      0.00174  0.00173  0.50   97720     170   97635  3518551  36.01
2015-2017       47      0.00192  0.00192  0.50   97550     187   97456  3420916  35.07
2015-2017       48      0.00217  0.00217  0.50   97363     211   97257  3323459  34.13
2015-2017       49      0.00242  0.00242  0.50   97152     235   97034  3226202  33.21
2015-2017       50      0.00266  0.00266  0.50   96917     257   96788  3129168  32.29
2015-2017       51      0.00297  0.00296  0.50   96660     286   96516  3032379  31.37
2015-2017       52      0.00335  0.00335  0.50   96373     323   96212  2935863  30.46
2015-2017       53      0.00375  0.00374  0.50   96051     359   95871  2839651  29.56
2015-2017       54      0.00423  0.00422  0.50   95691     404   95489  2743780  28.67
2015-2017       55      0.00468  0.00467  0.50   95287     445   95064  2648291  27.79
2015-2017       56      0.00519  0.00518  0.50   94842     491   94596  2553227  26.92
2015-2017       57      0.00569  0.00567  0.50   94351     535   94083  2458630  26.06
2015-2017       58      0.00637  0.00635  0.50   93816     596   93518  2364547  25.20
2015-2017       59      0.00694  0.00691  0.50   93220     645   92897  2271029  24.36
2015-2017       60      0.00765  0.00762  0.50   92575     705   92222  2178132  23.53
2015-2017       61      0.00832  0.00828  0.50   91870     761   91489  2085910  22.71
2015-2017       62      0.00903  0.00899  0.50   91109     819   90699  1994420  21.89
2015-2017       63      0.00983  0.00978  0.50   90290     883   89848  1903721  21.08
2015-2017       64      0.01073  0.01067  0.50   89407     954   88930  1813872  20.29
2015-2017       65      0.01164  0.01157  0.50   88453    1024   87941  1724943  19.50
2015-2017       66      0.01248  0.01241  0.50   87429    1085   86887  1637002  18.72
2015-2017       67      0.01368  0.01359  0.50   86344    1173   85758  1550115  17.95
2015-2017       68      0.01473  0.01462  0.50   85171    1246   84548  1464357  17.19
2015-2017       69      0.01592  0.01579  0.50   83925    1325   83263  1379809  16.44
2015-2017       70      0.01753  0.01737  0.50   82600    1435   81883  1296547  15.70
2015-2017       71      0.01905  0.01887  0.50   81165    1531   80399  1214664  14.97
2015-2017       72      0.02044  0.02023  0.50   79634    1611   78828  1134265  14.24
2015-2017       73      0.02235  0.02210  0.50   78023    1724   77161  1055437  13.53
2015-2017       74      0.02379  0.02351  0.50   76298    1793   75402   978276  12.82
2015-2017       75      0.02644  0.02610  0.50   74505    1944   73533   902874  12.12
2015-2017       76      0.02911  0.02869  0.50   72560    2082   71520   829342  11.43
2015-2017       77      0.03241  0.03189  0.50   70479    2248   69355   757822  10.75
2015-2017       78      0.03639  0.03574  0.50   68231    2438   67012   688467  10.09
2015-2017       79      0.04114  0.04031  0.50   65793    2652   64467   621455   9.45
2015-2017       80      0.04772  0.04661  0.50   63141    2943   61669   556988   8.82
2015-2017       81      0.05423  0.05280  0.50   60198    3178   58608   495319   8.23
2015-2017       82      0.06208  0.06021  0.50   57019    3433   55303   436711   7.66
2015-2017       83      0.07002  0.06765  0.50   53586    3625   51773   381409   7.12
2015-2017       84      0.08065  0.07752  0.50   49961    3873   48024   329635   6.60
2015-2017       85      0.09290  0.08877  0.50   46088    4091   44042   281611   6.11
2015-2017       86      0.10524  0.09998  0.50   41996    4199   39897   237569   5.66
2015-2017       87      0.11899  0.11231  0.50   37798    4245   35675   197672   5.23
2015-2017       88      0.13554  0.12694  0.50   33553    4259   31423   161996   4.83
2015-2017       89      0.15264  0.14182  0.50   29294    4154   27216   130573   4.46
2015-2017       90      0.17335  0.15952  0.50   25139    4010   23134   103357   4.11
2015-2017       91      0.19437  0.17715  0.50   21129    3743   19257    80223   3.80
2015-2017       92      0.21761  0.19626  0.50   17386    3412   15680    60965   3.51
2015-2017       93      0.24118  0.21522  0.50   13974    3007   12470    45285   3.24
2015-2017       94      0.26809  0.23640  0.50   10966    2592    9670    32815   2.99
2015-2017       95      0.29872  0.25990  0.50    8374    2176    7286    23145   2.76
2015-2017       96      0.33043  0.28358  0.50    6197    1757    5319    15860   2.56
2015-2017       97      0.36392  0.30790  0.50    4440    1367    3756    10541   2.37
2015-2017       98      0.39896  0.33261  0.50    3073    1022    2562     6785   2.21
2015-2017       99      0.43524  0.35745  0.50    2051     733    1684     4223   2.06
2015-2017      100      0.47239  0.38213  0.50    1318     504    1066     2538   1.93
2015-2017      101      0.50999  0.40637  0.50     814     331     649     1472   1.81
2015-2017      102      0.54762  0.42991  0.50     483     208     379      824   1.70
2015-2017      103      0.58484  0.45251  0.50     276     125     213      444   1.61
2015-2017      104      0.62121  0.47399  0.50     151      72     115      231   1.53
2015-2017      105      0.65635  0.49418  0.50      79      39      60      116   1.46
2015-2017      106      0.68994  0.51298  0.50      40      21      30       56   1.40
2015-2017      107      0.72169  0.53032  0.50      20      10      14       26   1.35
2015-2017      108      0.75140  0.54620  0.50       9       5       7       12   1.30
2015-2017      109      0.77895  0.56061  0.50       4       2       3        5   1.27
2015-2017      110+     0.80427  1.00000  1.24       2       2       2        2   1.24
