Hong Kong, Life tables (period 1x5), Total	Last modified: 20 Jul 2021;  Methods Protocol: v6 (2017)

  Year          Age         mx       qx    ax      lx      dx      Lx       Tx     ex
1986-1989        0      0.00717  0.00713  0.13  100000     713   99383  7701524  77.02
1986-1989        1      0.00057  0.00057  0.50   99287      57   99259  7602141  76.57
1986-1989        2      0.00031  0.00031  0.50   99230      30   99215  7502882  75.61
1986-1989        3      0.00031  0.00031  0.50   99200      31   99184  7403667  74.63
1986-1989        4      0.00022  0.00022  0.50   99169      21   99158  7304482  73.66
1986-1989        5      0.00018  0.00018  0.50   99148      18   99139  7205324  72.67
1986-1989        6      0.00016  0.00016  0.50   99129      16   99122  7106185  71.69
1986-1989        7      0.00021  0.00021  0.50   99114      21   99103  7007064  70.70
1986-1989        8      0.00014  0.00014  0.50   99093      14   99086  6907960  69.71
1986-1989        9      0.00017  0.00017  0.50   99079      17   99071  6808874  68.72
1986-1989       10      0.00017  0.00017  0.50   99062      17   99054  6709803  67.73
1986-1989       11      0.00015  0.00015  0.50   99046      15   99038  6610749  66.74
1986-1989       12      0.00020  0.00019  0.50   99031      19   99021  6511711  65.75
1986-1989       13      0.00023  0.00023  0.50   99012      22   99000  6412690  64.77
1986-1989       14      0.00022  0.00022  0.50   98989      22   98978  6313689  63.78
1986-1989       15      0.00024  0.00024  0.50   98967      23   98956  6214711  62.80
1986-1989       16      0.00025  0.00025  0.50   98944      24   98932  6115755  61.81
1986-1989       17      0.00033  0.00033  0.50   98919      33   98903  6016824  60.83
1986-1989       18      0.00039  0.00039  0.50   98886      38   98867  5917921  59.85
1986-1989       19      0.00040  0.00040  0.50   98848      40   98828  5819054  58.87
1986-1989       20      0.00044  0.00044  0.50   98808      43   98787  5720225  57.89
1986-1989       21      0.00039  0.00039  0.50   98765      39   98746  5621439  56.92
1986-1989       22      0.00042  0.00042  0.50   98726      41   98706  5522693  55.94
1986-1989       23      0.00050  0.00050  0.50   98685      49   98661  5423988  54.96
1986-1989       24      0.00044  0.00044  0.50   98636      43   98614  5325327  53.99
1986-1989       25      0.00052  0.00052  0.50   98593      52   98567  5226713  53.01
1986-1989       26      0.00045  0.00045  0.50   98541      44   98519  5128146  52.04
1986-1989       27      0.00046  0.00046  0.50   98497      46   98474  5029627  51.06
1986-1989       28      0.00055  0.00055  0.50   98452      54   98425  4931152  50.09
1986-1989       29      0.00059  0.00059  0.50   98398      58   98369  4832727  49.11
1986-1989       30      0.00070  0.00070  0.50   98340      69   98305  4734359  48.14
1986-1989       31      0.00070  0.00070  0.50   98270      68   98236  4636054  47.18
1986-1989       32      0.00074  0.00074  0.50   98202      72   98166  4537817  46.21
1986-1989       33      0.00075  0.00075  0.50   98130      73   98093  4439651  45.24
1986-1989       34      0.00074  0.00074  0.50   98056      72   98020  4341558  44.28
1986-1989       35      0.00086  0.00085  0.50   97984      84   97942  4243538  43.31
1986-1989       36      0.00105  0.00105  0.50   97900     103   97849  4145596  42.34
1986-1989       37      0.00105  0.00105  0.50   97797     102   97746  4047747  41.39
1986-1989       38      0.00110  0.00109  0.50   97695     107   97641  3950001  40.43
1986-1989       39      0.00127  0.00127  0.50   97588     124   97526  3852359  39.48
1986-1989       40      0.00141  0.00141  0.50   97464     137   97395  3754833  38.53
1986-1989       41      0.00140  0.00140  0.50   97327     136   97259  3657438  37.58
1986-1989       42      0.00153  0.00153  0.50   97191     148   97117  3560179  36.63
1986-1989       43      0.00184  0.00184  0.50   97043     179   96953  3463062  35.69
1986-1989       44      0.00210  0.00210  0.50   96864     203   96762  3366109  34.75
1986-1989       45      0.00245  0.00245  0.50   96661     237   96542  3269346  33.82
1986-1989       46      0.00256  0.00255  0.50   96424     246   96301  3172804  32.90
1986-1989       47      0.00272  0.00271  0.50   96178     261   96047  3076503  31.99
1986-1989       48      0.00306  0.00305  0.50   95917     293   95771  2980455  31.07
1986-1989       49      0.00344  0.00344  0.50   95624     329   95460  2884685  30.17
1986-1989       50      0.00437  0.00436  0.50   95296     416   95088  2789225  29.27
1986-1989       51      0.00438  0.00437  0.50   94880     415   94672  2694137  28.40
1986-1989       52      0.00476  0.00475  0.50   94465     449   94241  2599464  27.52
1986-1989       53      0.00564  0.00563  0.50   94016     529   93752  2505224  26.65
1986-1989       54      0.00578  0.00576  0.50   93487     538   93218  2411472  25.79
1986-1989       55      0.00675  0.00672  0.50   92949     625   92636  2318254  24.94
1986-1989       56      0.00758  0.00755  0.50   92324     697   91975  2225618  24.11
1986-1989       57      0.00764  0.00761  0.50   91627     697   91278  2133642  23.29
1986-1989       58      0.00904  0.00900  0.50   90930     818   90521  2042364  22.46
1986-1989       59      0.00866  0.00863  0.50   90112     777   89723  1951843  21.66
1986-1989       60      0.01096  0.01090  0.50   89334     974   88847  1862120  20.84
1986-1989       61      0.01088  0.01082  0.50   88360     956   87882  1773273  20.07
1986-1989       62      0.01274  0.01266  0.50   87404    1106   86851  1685390  19.28
1986-1989       63      0.01367  0.01358  0.50   86298    1172   85712  1598539  18.52
1986-1989       64      0.01489  0.01478  0.50   85127    1258   84497  1512827  17.77
1986-1989       65      0.01759  0.01744  0.50   83868    1463   83137  1428329  17.03
1986-1989       66      0.01895  0.01878  0.50   82406    1547   81632  1345192  16.32
1986-1989       67      0.02006  0.01986  0.50   80858    1606   80056  1263560  15.63
1986-1989       68      0.02252  0.02227  0.50   79253    1765   78371  1183505  14.93
1986-1989       69      0.02447  0.02418  0.50   77488    1874   76551  1105134  14.26
1986-1989       70      0.02700  0.02664  0.50   75615    2014   74608  1028583  13.60
1986-1989       71      0.02906  0.02864  0.50   73600    2108   72546   953975  12.96
1986-1989       72      0.03199  0.03148  0.50   71492    2251   70367   881429  12.33
1986-1989       73      0.03622  0.03558  0.50   69241    2463   68010   811062  11.71
1986-1989       74      0.03813  0.03742  0.50   66778    2499   65529   743052  11.13
1986-1989       75      0.04194  0.04108  0.50   64279    2641   62959   677523  10.54
1986-1989       76      0.04787  0.04676  0.50   61639    2882   60198   614564   9.97
1986-1989       77      0.05300  0.05164  0.50   58757    3034   57240   554367   9.43
1986-1989       78      0.05673  0.05517  0.50   55723    3074   54186   497127   8.92
1986-1989       79      0.05818  0.05654  0.50   52649    2977   51160   442941   8.41
1986-1989       80      0.07759  0.07469  0.50   49672    3710   47817   391781   7.89
1986-1989       81      0.07917  0.07615  0.50   45962    3500   44212   343964   7.48
1986-1989       82      0.08887  0.08509  0.50   42462    3613   40655   299752   7.06
1986-1989       83      0.09721  0.09270  0.50   38849    3601   37048   259097   6.67
1986-1989       84      0.10186  0.09693  0.50   35247    3416   33539   222049   6.30
1986-1989       85      0.11097  0.10514  0.50   31831    3347   30158   188510   5.92
1986-1989       86      0.12726  0.11964  0.50   28484    3408   26780   158353   5.56
1986-1989       87      0.13100  0.12295  0.50   25076    3083   23535   131572   5.25
1986-1989       88      0.14790  0.13772  0.50   21993    3029   20479   108038   4.91
1986-1989       89      0.16047  0.14855  0.50   18964    2817   17556    87559   4.62
1986-1989       90      0.18339  0.16798  0.50   16147    2712   14791    70003   4.34
1986-1989       91      0.18360  0.16816  0.50   13435    2259   12305    55212   4.11
1986-1989       92      0.20215  0.18359  0.50   11175    2052   10150    42907   3.84
1986-1989       93      0.22517  0.20239  0.50    9124    1847    8200    32758   3.59
1986-1989       94      0.24396  0.21744  0.50    7277    1582    6486    24557   3.37
1986-1989       95      0.26391  0.23315  0.50    5695    1328    5031    18071   3.17
1986-1989       96      0.28499  0.24945  0.50    4367    1089    3822    13040   2.99
1986-1989       97      0.30717  0.26627  0.50    3278     873    2841     9218   2.81
1986-1989       98      0.33038  0.28354  0.50    2405     682    2064     6376   2.65
1986-1989       99      0.35455  0.30116  0.50    1723     519    1464     4312   2.50
1986-1989      100      0.37958  0.31903  0.50    1204     384    1012     2849   2.37
1986-1989      101      0.40536  0.33705  0.50     820     276     682     1837   2.24
1986-1989      102      0.43175  0.35509  0.50     544     193     447     1155   2.12
1986-1989      103      0.45861  0.37306  0.50     351     131     285      708   2.02
1986-1989      104      0.48578  0.39084  0.50     220      86     177      423   1.92
1986-1989      105      0.51309  0.40833  0.50     134      55     107      246   1.83
1986-1989      106      0.54037  0.42543  0.50      79      34      62      139   1.76
1986-1989      107      0.56747  0.44204  0.50      46      20      35       77   1.69
1986-1989      108      0.59420  0.45810  0.50      25      12      20       41   1.63
1986-1989      109      0.62043  0.47353  0.50      14       7      11       22   1.58
1986-1989      110+     0.64600  1.00000  1.55       7       7      11       11   1.55
1990-1994        0      0.00507  0.00505  0.14  100000     505   99565  7807185  78.07
1990-1994        1      0.00048  0.00048  0.50   99495      47   99472  7707620  77.47
1990-1994        2      0.00030  0.00030  0.50   99448      30   99433  7608148  76.50
1990-1994        3      0.00022  0.00022  0.50   99418      22   99407  7508715  75.53
1990-1994        4      0.00017  0.00017  0.50   99396      17   99387  7409308  74.54
1990-1994        5      0.00010  0.00010  0.50   99379      10   99374  7309921  73.56
1990-1994        6      0.00012  0.00012  0.50   99369      11   99363  7210547  72.56
1990-1994        7      0.00012  0.00012  0.50   99357      12   99352  7111184  71.57
1990-1994        8      0.00015  0.00015  0.50   99346      15   99338  7011832  70.58
1990-1994        9      0.00012  0.00012  0.50   99331      12   99325  6912494  69.59
1990-1994       10      0.00013  0.00013  0.50   99319      13   99313  6813169  68.60
1990-1994       11      0.00015  0.00015  0.50   99306      15   99299  6713856  67.61
1990-1994       12      0.00019  0.00019  0.50   99291      18   99282  6614557  66.62
1990-1994       13      0.00023  0.00023  0.50   99273      23   99262  6515275  65.63
1990-1994       14      0.00021  0.00021  0.50   99250      21   99240  6416014  64.64
1990-1994       15      0.00023  0.00023  0.50   99229      23   99218  6316774  63.66
1990-1994       16      0.00028  0.00028  0.50   99207      28   99192  6217556  62.67
1990-1994       17      0.00035  0.00035  0.50   99178      35   99161  6118363  61.69
1990-1994       18      0.00042  0.00042  0.50   99143      42   99123  6019202  60.71
1990-1994       19      0.00044  0.00044  0.50   99102      43   99080  5920080  59.74
1990-1994       20      0.00047  0.00047  0.50   99058      46   99035  5821000  58.76
1990-1994       21      0.00045  0.00045  0.50   99012      44   98990  5721965  57.79
1990-1994       22      0.00047  0.00047  0.50   98968      46   98945  5622975  56.82
1990-1994       23      0.00050  0.00050  0.50   98922      50   98897  5524030  55.84
1990-1994       24      0.00043  0.00043  0.50   98872      42   98851  5425133  54.87
1990-1994       25      0.00054  0.00054  0.50   98830      53   98803  5326282  53.89
1990-1994       26      0.00052  0.00052  0.50   98776      52   98751  5227479  52.92
1990-1994       27      0.00055  0.00055  0.50   98725      54   98698  5128728  51.95
1990-1994       28      0.00055  0.00055  0.50   98671      54   98644  5030030  50.98
1990-1994       29      0.00054  0.00054  0.50   98617      53   98590  4931387  50.01
1990-1994       30      0.00061  0.00061  0.50   98563      60   98533  4832797  49.03
1990-1994       31      0.00057  0.00057  0.50   98503      57   98475  4734264  48.06
1990-1994       32      0.00065  0.00064  0.50   98447      63   98415  4635789  47.09
1990-1994       33      0.00067  0.00067  0.50   98383      66   98350  4537374  46.12
1990-1994       34      0.00080  0.00080  0.50   98317      79   98278  4439023  45.15
1990-1994       35      0.00086  0.00086  0.50   98238      84   98196  4340745  44.19
1990-1994       36      0.00094  0.00094  0.50   98154      92   98108  4242549  43.22
1990-1994       37      0.00100  0.00100  0.50   98062      98   98013  4144441  42.26
1990-1994       38      0.00109  0.00109  0.50   97964     107   97910  4046428  41.31
1990-1994       39      0.00111  0.00110  0.50   97857     108   97803  3948518  40.35
1990-1994       40      0.00134  0.00134  0.50   97749     131   97683  3850715  39.39
1990-1994       41      0.00139  0.00139  0.50   97618     135   97550  3753032  38.45
1990-1994       42      0.00157  0.00157  0.50   97482     153   97406  3655482  37.50
1990-1994       43      0.00175  0.00175  0.50   97329     170   97244  3558076  36.56
1990-1994       44      0.00184  0.00184  0.50   97159     179   97070  3460832  35.62
1990-1994       45      0.00208  0.00208  0.50   96980     202   96879  3363762  34.69
1990-1994       46      0.00221  0.00220  0.50   96779     213   96672  3266883  33.76
1990-1994       47      0.00251  0.00251  0.50   96565     242   96444  3170211  32.83
1990-1994       48      0.00286  0.00286  0.50   96323     275   96186  3073767  31.91
1990-1994       49      0.00317  0.00316  0.50   96048     304   95896  2977581  31.00
1990-1994       50      0.00367  0.00366  0.50   95745     350   95570  2881684  30.10
1990-1994       51      0.00364  0.00364  0.50   95394     347   95221  2786115  29.21
1990-1994       52      0.00439  0.00438  0.50   95048     417   94839  2690894  28.31
1990-1994       53      0.00487  0.00486  0.50   94631     460   94401  2596055  27.43
1990-1994       54      0.00526  0.00525  0.50   94171     494   93924  2501654  26.57
1990-1994       55      0.00583  0.00581  0.50   93677     544   93404  2407730  25.70
1990-1994       56      0.00617  0.00615  0.50   93132     573   92846  2314325  24.85
1990-1994       57      0.00691  0.00688  0.50   92559     637   92241  2221480  24.00
1990-1994       58      0.00750  0.00747  0.50   91922     687   91579  2129239  23.16
1990-1994       59      0.00834  0.00831  0.50   91235     758   90856  2037660  22.33
1990-1994       60      0.00973  0.00969  0.50   90477     876   90039  1946804  21.52
1990-1994       61      0.01040  0.01035  0.50   89601     927   89137  1856765  20.72
1990-1994       62      0.01174  0.01167  0.50   88673    1035   88156  1767628  19.93
1990-1994       63      0.01218  0.01210  0.50   87638    1061   87108  1679472  19.16
1990-1994       64      0.01372  0.01363  0.50   86578    1180   85988  1592364  18.39
1990-1994       65      0.01514  0.01502  0.50   85398    1283   84756  1506376  17.64
1990-1994       66      0.01665  0.01651  0.50   84115    1389   83420  1421620  16.90
1990-1994       67      0.01855  0.01838  0.50   82726    1521   81966  1338200  16.18
1990-1994       68      0.02078  0.02057  0.50   81205    1670   80370  1256234  15.47
1990-1994       69      0.02331  0.02304  0.50   79535    1833   78619  1175864  14.78
1990-1994       70      0.02638  0.02603  0.50   77702    2023   76691  1097245  14.12
1990-1994       71      0.02908  0.02867  0.50   75679    2169   74595  1020554  13.49
1990-1994       72      0.03054  0.03008  0.50   73510    2211   72404   945960  12.87
1990-1994       73      0.03281  0.03228  0.50   71299    2302   70148   873555  12.25
1990-1994       74      0.03683  0.03617  0.50   68997    2495   67749   803407  11.64
1990-1994       75      0.03986  0.03908  0.50   66502    2599   65202   735658  11.06
1990-1994       76      0.04313  0.04222  0.50   63903    2698   62554   670455  10.49
1990-1994       77      0.04744  0.04634  0.50   61205    2836   59786   607902   9.93
1990-1994       78      0.05146  0.05017  0.50   58368    2929   56904   548115   9.39
1990-1994       79      0.05710  0.05552  0.50   55440    3078   53901   491211   8.86
1990-1994       80      0.06731  0.06512  0.50   52362    3410   50657   437310   8.35
1990-1994       81      0.07718  0.07432  0.50   48952    3638   47133   386654   7.90
1990-1994       82      0.08296  0.07966  0.50   45314    3610   43509   339521   7.49
1990-1994       83      0.08954  0.08570  0.50   41704    3574   39917   296011   7.10
1990-1994       84      0.09606  0.09165  0.50   38130    3495   36383   256094   6.72
1990-1994       85      0.10487  0.09964  0.50   34635    3451   32910   219712   6.34
1990-1994       86      0.11728  0.11078  0.50   31184    3455   29457   186802   5.99
1990-1994       87      0.12346  0.11628  0.50   27730    3224   26117   157345   5.67
1990-1994       88      0.13543  0.12684  0.50   24505    3108   22951   131228   5.36
1990-1994       89      0.14542  0.13557  0.50   21397    2901   19947   108277   5.06
1990-1994       90      0.15492  0.14379  0.50   18496    2660   17166    88330   4.78
1990-1994       91      0.17262  0.15891  0.50   15837    2517   14578    71164   4.49
1990-1994       92      0.18169  0.16656  0.50   13320    2219   12211    56585   4.25
1990-1994       93      0.20110  0.18272  0.50   11102    2029   10087    44374   4.00
1990-1994       94      0.20999  0.19004  0.50    9073    1724    8211    34287   3.78
1990-1994       95      0.23184  0.20775  0.50    7349    1527    6585    26076   3.55
1990-1994       96      0.24963  0.22193  0.50    5822    1292    5176    19491   3.35
1990-1994       97      0.26842  0.23666  0.50    4530    1072    3994    14315   3.16
1990-1994       98      0.28819  0.25190  0.50    3458     871    3022    10321   2.98
1990-1994       99      0.30892  0.26759  0.50    2587     692    2241     7298   2.82
1990-1994      100      0.33056  0.28367  0.50    1895     537    1626     5057   2.67
1990-1994      101      0.35304  0.30007  0.50    1357     407    1154     3432   2.53
1990-1994      102      0.37630  0.31671  0.50     950     301     800     2278   2.40
1990-1994      103      0.40023  0.33349  0.50     649     216     541     1478   2.28
1990-1994      104      0.42473  0.35033  0.50     433     152     357      938   2.17
1990-1994      105      0.44969  0.36714  0.50     281     103     229      581   2.07
1990-1994      106      0.47498  0.38383  0.50     178      68     144      351   1.97
1990-1994      107      0.50046  0.40030  0.50     110      44      88      208   1.89
1990-1994      108      0.52600  0.41647  0.50      66      27      52      120   1.82
1990-1994      109      0.55145  0.43227  0.50      38      17      30       68   1.77
1990-1994      110+     0.57668  1.00000  1.73      22      22      38       38   1.73
1995-1999        0      0.00362  0.00361  0.14  100000     361   99690  7982661  79.83
1995-1999        1      0.00044  0.00044  0.50   99639      44   99617  7882971  79.12
1995-1999        2      0.00024  0.00024  0.50   99595      24   99583  7783354  78.15
1995-1999        3      0.00018  0.00018  0.50   99571      18   99562  7683771  77.17
1995-1999        4      0.00015  0.00015  0.50   99553      15   99545  7584208  76.18
1995-1999        5      0.00013  0.00013  0.50   99538      13   99531  7484663  75.19
1995-1999        6      0.00012  0.00012  0.50   99525      12   99519  7385132  74.20
1995-1999        7      0.00010  0.00010  0.50   99513      10   99508  7285613  73.21
1995-1999        8      0.00010  0.00010  0.50   99503      10   99498  7186105  72.22
1995-1999        9      0.00010  0.00010  0.50   99493      10   99488  7086607  71.23
1995-1999       10      0.00017  0.00017  0.50   99482      17   99474  6987120  70.23
1995-1999       11      0.00011  0.00011  0.50   99466      11   99460  6887646  69.25
1995-1999       12      0.00010  0.00010  0.50   99455      10   99450  6788185  68.25
1995-1999       13      0.00013  0.00013  0.50   99445      13   99439  6688736  67.26
1995-1999       14      0.00015  0.00015  0.50   99432      15   99425  6589297  66.27
1995-1999       15      0.00020  0.00020  0.50   99418      20   99408  6489872  65.28
1995-1999       16      0.00026  0.00026  0.50   99398      25   99385  6390464  64.29
1995-1999       17      0.00025  0.00025  0.50   99372      25   99360  6291079  63.31
1995-1999       18      0.00031  0.00031  0.50   99348      31   99332  6191720  62.32
1995-1999       19      0.00035  0.00035  0.50   99317      35   99299  6092387  61.34
1995-1999       20      0.00046  0.00046  0.50   99282      45   99259  5993088  60.36
1995-1999       21      0.00043  0.00043  0.50   99237      42   99216  5893829  59.39
1995-1999       22      0.00050  0.00050  0.50   99194      50   99169  5794613  58.42
1995-1999       23      0.00050  0.00050  0.50   99145      49   99120  5695444  57.45
1995-1999       24      0.00047  0.00047  0.50   99095      46   99072  5596324  56.47
1995-1999       25      0.00050  0.00050  0.50   99049      49   99024  5497252  55.50
1995-1999       26      0.00049  0.00049  0.50   99000      48   98976  5398227  54.53
1995-1999       27      0.00047  0.00047  0.50   98952      47   98928  5299252  53.55
1995-1999       28      0.00054  0.00054  0.50   98905      53   98879  5200323  52.58
1995-1999       29      0.00044  0.00044  0.50   98852      44   98830  5101445  51.61
1995-1999       30      0.00054  0.00054  0.50   98808      54   98782  5002615  50.63
1995-1999       31      0.00052  0.00052  0.50   98755      51   98729  4903833  49.66
1995-1999       32      0.00055  0.00055  0.50   98704      54   98677  4805104  48.68
1995-1999       33      0.00057  0.00057  0.50   98650      56   98622  4706427  47.71
1995-1999       34      0.00064  0.00064  0.50   98594      63   98562  4607805  46.74
1995-1999       35      0.00065  0.00065  0.50   98530      64   98498  4509243  45.77
1995-1999       36      0.00081  0.00081  0.50   98466      80   98426  4410745  44.79
1995-1999       37      0.00083  0.00083  0.50   98386      81   98345  4312319  43.83
1995-1999       38      0.00088  0.00088  0.50   98305      87   98261  4213974  42.87
1995-1999       39      0.00099  0.00098  0.50   98218      97   98170  4115713  41.90
1995-1999       40      0.00120  0.00120  0.50   98121     117   98063  4017543  40.94
1995-1999       41      0.00129  0.00129  0.50   98004     127   97941  3919480  39.99
1995-1999       42      0.00142  0.00142  0.50   97877     139   97808  3821540  39.04
1995-1999       43      0.00137  0.00137  0.50   97738     134   97671  3723732  38.10
1995-1999       44      0.00158  0.00158  0.50   97604     154   97527  3626061  37.15
1995-1999       45      0.00181  0.00180  0.50   97450     176   97362  3528533  36.21
1995-1999       46      0.00191  0.00191  0.50   97274     186   97182  3431171  35.27
1995-1999       47      0.00217  0.00217  0.50   97089     210   96983  3333989  34.34
1995-1999       48      0.00236  0.00235  0.50   96878     228   96764  3237006  33.41
1995-1999       49      0.00242  0.00242  0.50   96650     234   96533  3140242  32.49
1995-1999       50      0.00282  0.00281  0.50   96417     271   96281  3043708  31.57
1995-1999       51      0.00301  0.00300  0.50   96145     289   96001  2947427  30.66
1995-1999       52      0.00359  0.00358  0.50   95857     343   95685  2851426  29.75
1995-1999       53      0.00388  0.00387  0.50   95513     370   95328  2755742  28.85
1995-1999       54      0.00453  0.00452  0.50   95143     430   94929  2660413  27.96
1995-1999       55      0.00497  0.00496  0.50   94714     469   94479  2565485  27.09
1995-1999       56      0.00530  0.00528  0.50   94244     498   93995  2471006  26.22
1995-1999       57      0.00571  0.00569  0.50   93746     534   93479  2377011  25.36
1995-1999       58      0.00630  0.00628  0.50   93212     585   92920  2283531  24.50
1995-1999       59      0.00694  0.00692  0.50   92627     641   92307  2190612  23.65
1995-1999       60      0.00739  0.00737  0.50   91987     678   91648  2098305  22.81
1995-1999       61      0.00852  0.00848  0.50   91309     775   90922  2006657  21.98
1995-1999       62      0.00945  0.00941  0.50   90534     852   90109  1915735  21.16
1995-1999       63      0.01031  0.01026  0.50   89683     920   89223  1825626  20.36
1995-1999       64      0.01154  0.01147  0.50   88763    1018   88254  1736404  19.56
1995-1999       65      0.01253  0.01245  0.50   87744    1092   87198  1648150  18.78
1995-1999       66      0.01365  0.01356  0.50   86652    1175   86065  1560952  18.01
1995-1999       67      0.01559  0.01547  0.50   85477    1323   84816  1474887  17.25
1995-1999       68      0.01685  0.01671  0.50   84155    1406   83452  1390071  16.52
1995-1999       69      0.01905  0.01887  0.50   82749    1562   81968  1306619  15.79
1995-1999       70      0.02089  0.02068  0.50   81187    1679   80348  1224651  15.08
1995-1999       71      0.02256  0.02231  0.50   79509    1774   78622  1144303  14.39
1995-1999       72      0.02533  0.02502  0.50   77735    1945   76762  1065682  13.71
1995-1999       73      0.02881  0.02840  0.50   75790    2153   74714   988919  13.05
1995-1999       74      0.03136  0.03088  0.50   73637    2274   72501   914205  12.41
1995-1999       75      0.03446  0.03388  0.50   71364    2418   70155   841705  11.79
1995-1999       76      0.03617  0.03553  0.50   68946    2449   67721   771550  11.19
1995-1999       77      0.04111  0.04028  0.50   66497    2679   65157   703829  10.58
1995-1999       78      0.04613  0.04509  0.50   63818    2877   62379   638671  10.01
1995-1999       79      0.05087  0.04961  0.50   60941    3023   59429   576292   9.46
1995-1999       80      0.06173  0.05988  0.50   57918    3468   56184   516863   8.92
1995-1999       81      0.07934  0.07632  0.50   54450    4155   52372   460679   8.46
1995-1999       82      0.07153  0.06906  0.50   50294    3473   48557   408307   8.12
1995-1999       83      0.08135  0.07817  0.50   46821    3660   44991   359750   7.68
1995-1999       84      0.08549  0.08199  0.50   43161    3539   41392   314759   7.29
1995-1999       85      0.09263  0.08853  0.50   39622    3508   37868   273367   6.90
1995-1999       86      0.10254  0.09754  0.50   36115    3523   34353   235499   6.52
1995-1999       87      0.10932  0.10365  0.50   32592    3378   30903   201145   6.17
1995-1999       88      0.12288  0.11577  0.50   29214    3382   27523   170243   5.83
1995-1999       89      0.13017  0.12221  0.50   25832    3157   24253   142720   5.52
1995-1999       90      0.14289  0.13336  0.50   22675    3024   21163   118466   5.22
1995-1999       91      0.15175  0.14105  0.50   19651    2772   18265    97304   4.95
1995-1999       92      0.16414  0.15169  0.50   16879    2560   15599    79038   4.68
1995-1999       93      0.17213  0.15849  0.50   14319    2269   13184    63439   4.43
1995-1999       94      0.19426  0.17706  0.50   12049    2134   10983    50255   4.17
1995-1999       95      0.20353  0.18473  0.50    9916    1832    9000    39272   3.96
1995-1999       96      0.21859  0.19705  0.50    8084    1593    7288    30272   3.74
1995-1999       97      0.23458  0.20996  0.50    6491    1363    5810    22985   3.54
1995-1999       98      0.25153  0.22343  0.50    5128    1146    4555    17175   3.35
1995-1999       99      0.26943  0.23744  0.50    3983     946    3510    12619   3.17
1995-1999      100      0.28829  0.25197  0.50    3037     765    2654     9110   3.00
1995-1999      101      0.30807  0.26695  0.50    2272     606    1968     6455   2.84
1995-1999      102      0.32874  0.28233  0.50    1665     470    1430     4487   2.69
1995-1999      103      0.35024  0.29805  0.50    1195     356    1017     3057   2.56
1995-1999      104      0.37251  0.31402  0.50     839     263     707     2040   2.43
1995-1999      105      0.39545  0.33017  0.50     575     190     480     1333   2.32
1995-1999      106      0.41897  0.34640  0.50     385     134     319      852   2.21
1995-1999      107      0.44296  0.36264  0.50     252      91     206      533   2.12
1995-1999      108      0.46729  0.37879  0.50     161      61     130      327   2.04
1995-1999      109      0.49185  0.39477  0.50     100      39      80      197   1.97
1995-1999      110+     0.51650  1.00000  1.94      60      60     117      117   1.94
2000-2004        0      0.00302  0.00301  0.14  100000     301   99742  8116420  81.16
2000-2004        1      0.00035  0.00035  0.50   99699      35   99681  8016678  80.41
2000-2004        2      0.00022  0.00022  0.50   99664      22   99653  7916997  79.44
2000-2004        3      0.00015  0.00015  0.50   99642      15   99634  7817344  78.45
2000-2004        4      0.00012  0.00012  0.50   99627      12   99621  7717709  77.47
2000-2004        5      0.00010  0.00010  0.50   99615      10   99610  7618088  76.48
2000-2004        6      0.00008  0.00008  0.50   99604       8   99600  7518479  75.48
2000-2004        7      0.00012  0.00012  0.50   99596      12   99591  7418878  74.49
2000-2004        8      0.00009  0.00009  0.50   99585       8   99581  7319288  73.50
2000-2004        9      0.00009  0.00009  0.50   99576       9   99572  7219707  72.50
2000-2004       10      0.00010  0.00010  0.50   99567      10   99563  7120135  71.51
2000-2004       11      0.00013  0.00013  0.50   99558      13   99551  7020573  70.52
2000-2004       12      0.00011  0.00011  0.50   99545      11   99540  6921021  69.53
2000-2004       13      0.00012  0.00012  0.50   99534      12   99528  6821482  68.53
2000-2004       14      0.00012  0.00012  0.50   99522      12   99516  6721953  67.54
2000-2004       15      0.00013  0.00013  0.50   99510      13   99503  6622437  66.55
2000-2004       16      0.00018  0.00018  0.50   99497      18   99488  6522934  65.56
2000-2004       17      0.00017  0.00017  0.50   99479      17   99470  6423446  64.57
2000-2004       18      0.00021  0.00021  0.50   99462      21   99451  6323976  63.58
2000-2004       19      0.00028  0.00028  0.50   99441      28   99427  6224524  62.60
2000-2004       20      0.00035  0.00035  0.50   99413      34   99396  6125098  61.61
2000-2004       21      0.00036  0.00036  0.50   99379      36   99361  6025702  60.63
2000-2004       22      0.00037  0.00037  0.50   99343      37   99324  5926341  59.66
2000-2004       23      0.00037  0.00037  0.50   99306      37   99288  5827017  58.68
2000-2004       24      0.00043  0.00043  0.50   99269      43   99248  5727729  57.70
2000-2004       25      0.00047  0.00047  0.50   99226      47   99203  5628482  56.72
2000-2004       26      0.00049  0.00049  0.50   99179      49   99155  5529279  55.75
2000-2004       27      0.00054  0.00054  0.50   99131      53   99104  5430124  54.78
2000-2004       28      0.00053  0.00053  0.50   99078      53   99051  5331019  53.81
2000-2004       29      0.00056  0.00056  0.50   99025      56   98997  5231968  52.83
2000-2004       30      0.00051  0.00051  0.50   98969      51   98944  5132971  51.86
2000-2004       31      0.00056  0.00056  0.50   98918      55   98891  5034027  50.89
2000-2004       32      0.00054  0.00054  0.50   98863      53   98836  4935137  49.92
2000-2004       33      0.00056  0.00056  0.50   98810      55   98782  4836300  48.95
2000-2004       34      0.00053  0.00053  0.50   98755      52   98729  4737518  47.97
2000-2004       35      0.00062  0.00062  0.50   98702      61   98672  4638789  47.00
2000-2004       36      0.00071  0.00071  0.50   98641      70   98607  4540118  46.03
2000-2004       37      0.00073  0.00073  0.50   98572      72   98535  4441511  45.06
2000-2004       38      0.00077  0.00077  0.50   98499      76   98461  4342976  44.09
2000-2004       39      0.00090  0.00090  0.50   98424      88   98379  4244514  43.12
2000-2004       40      0.00092  0.00092  0.50   98335      90   98290  4146135  42.16
2000-2004       41      0.00101  0.00101  0.50   98245      99   98195  4047844  41.20
2000-2004       42      0.00113  0.00113  0.50   98146     111   98090  3949649  40.24
2000-2004       43      0.00131  0.00131  0.50   98035     129   97970  3851559  39.29
2000-2004       44      0.00146  0.00146  0.50   97906     143   97834  3753588  38.34
2000-2004       45      0.00162  0.00162  0.50   97763     158   97684  3655754  37.39
2000-2004       46      0.00180  0.00179  0.50   97605     175   97517  3558070  36.45
2000-2004       47      0.00188  0.00188  0.50   97429     183   97338  3460553  35.52
2000-2004       48      0.00214  0.00214  0.50   97246     208   97142  3363215  34.58
2000-2004       49      0.00236  0.00235  0.50   97038     228   96924  3266073  33.66
2000-2004       50      0.00256  0.00255  0.50   96810     247   96686  3169149  32.74
2000-2004       51      0.00272  0.00272  0.50   96562     263   96431  3072463  31.82
2000-2004       52      0.00298  0.00298  0.50   96300     287   96157  2976032  30.90
2000-2004       53      0.00320  0.00319  0.50   96013     306   95860  2879875  29.99
2000-2004       54      0.00357  0.00357  0.50   95707     341   95536  2784015  29.09
2000-2004       55      0.00383  0.00382  0.50   95365     364   95183  2688479  28.19
2000-2004       56      0.00454  0.00453  0.50   95001     430   94786  2593296  27.30
2000-2004       57      0.00491  0.00490  0.50   94571     463   94339  2498510  26.42
2000-2004       58      0.00509  0.00508  0.50   94108     478   93869  2404170  25.55
2000-2004       59      0.00656  0.00654  0.50   93630     613   93323  2310302  24.67
2000-2004       60      0.00684  0.00682  0.50   93017     634   92700  2216978  23.83
2000-2004       61      0.00751  0.00748  0.50   92383     691   92037  2124278  22.99
2000-2004       62      0.00782  0.00779  0.50   91691     714   91334  2032241  22.16
2000-2004       63      0.00876  0.00872  0.50   90977     793   90581  1940907  21.33
2000-2004       64      0.00939  0.00934  0.50   90184     843   89763  1850326  20.52
2000-2004       65      0.01088  0.01082  0.50   89341     966   88858  1760563  19.71
2000-2004       66      0.01153  0.01146  0.50   88375    1013   87868  1671705  18.92
2000-2004       67      0.01288  0.01280  0.50   87362    1118   86803  1583837  18.13
2000-2004       68      0.01471  0.01460  0.50   86244    1259   85614  1497034  17.36
2000-2004       69      0.01611  0.01598  0.50   84985    1358   84306  1411419  16.61
2000-2004       70      0.01830  0.01814  0.50   83626    1517   82868  1327114  15.87
2000-2004       71      0.01982  0.01962  0.50   82110    1611   81304  1244246  15.15
2000-2004       72      0.02221  0.02196  0.50   80498    1768   79614  1162942  14.45
2000-2004       73      0.02472  0.02442  0.50   78730    1922   77769  1083327  13.76
2000-2004       74      0.02762  0.02724  0.50   76808    2092   75762  1005558  13.09
2000-2004       75      0.03058  0.03012  0.50   74716    2250   73590   929796  12.44
2000-2004       76      0.03332  0.03277  0.50   72465    2375   71278   856206  11.82
2000-2004       77      0.03626  0.03561  0.50   70090    2496   68842   784928  11.20
2000-2004       78      0.04137  0.04053  0.50   67594    2739   66224   716086  10.59
2000-2004       79      0.04543  0.04442  0.50   64855    2881   63414   649862  10.02
2000-2004       80      0.05166  0.05036  0.50   61974    3121   60413   586448   9.46
2000-2004       81      0.05712  0.05554  0.50   58853    3268   57219   526035   8.94
2000-2004       82      0.06531  0.06325  0.50   55584    3515   53827   468816   8.43
2000-2004       83      0.07114  0.06870  0.50   52069    3577   50281   414989   7.97
2000-2004       84      0.07649  0.07367  0.50   48492    3572   46706   364709   7.52
2000-2004       85      0.08404  0.08065  0.50   44920    3623   43108   318003   7.08
2000-2004       86      0.09475  0.09046  0.50   41297    3736   39429   274895   6.66
2000-2004       87      0.10407  0.09892  0.50   37561    3716   35703   235466   6.27
2000-2004       88      0.11454  0.10834  0.50   33845    3667   32012   199763   5.90
2000-2004       89      0.12743  0.11980  0.50   30179    3615   28371   167751   5.56
2000-2004       90      0.13469  0.12619  0.50   26563    3352   24887   139380   5.25
2000-2004       91      0.14656  0.13656  0.50   23211    3170   21626   114493   4.93
2000-2004       92      0.16020  0.14832  0.50   20042    2972   18555    92866   4.63
2000-2004       93      0.17612  0.16186  0.50   17069    2763   15688    74311   4.35
2000-2004       94      0.18595  0.17013  0.50   14306    2434   13089    58624   4.10
2000-2004       95      0.20585  0.18664  0.50   11872    2216   10764    45534   3.84
2000-2004       96      0.22358  0.20110  0.50    9656    1942    8686    34770   3.60
2000-2004       97      0.24251  0.21629  0.50    7715    1669    6880    26084   3.38
2000-2004       98      0.26268  0.23218  0.50    6046    1404    5344    19204   3.18
2000-2004       99      0.28406  0.24874  0.50    4642    1155    4065    13860   2.99
2000-2004      100      0.30665  0.26588  0.50    3488     927    3024     9795   2.81
2000-2004      101      0.33038  0.28354  0.50    2560     726    2197     6771   2.64
2000-2004      102      0.35519  0.30162  0.50    1834     553    1558     4574   2.49
2000-2004      103      0.38098  0.32002  0.50    1281     410    1076     3016   2.35
2000-2004      104      0.40762  0.33861  0.50     871     295     724     1940   2.23
2000-2004      105      0.43497  0.35727  0.50     576     206     473     1217   2.11
2000-2004      106      0.46285  0.37586  0.50     370     139     301      743   2.01
2000-2004      107      0.49109  0.39427  0.50     231      91     186      443   1.92
2000-2004      108      0.51948  0.41237  0.50     140      58     111      257   1.84
2000-2004      109      0.54785  0.43005  0.50      82      35      65      146   1.77
2000-2004      110+     0.57597  1.00000  1.74      47      47      81       81   1.74
2005-2009        0      0.00303  0.00303  0.14  100000     303   99741  8212620  82.13
2005-2009        1      0.00032  0.00032  0.50   99697      32   99681  8112879  81.38
2005-2009        2      0.00022  0.00022  0.50   99666      21   99655  8013198  80.40
2005-2009        3      0.00017  0.00017  0.50   99644      17   99636  7913543  79.42
2005-2009        4      0.00010  0.00010  0.50   99628      10   99623  7813907  78.43
2005-2009        5      0.00012  0.00012  0.50   99618      12   99612  7714284  77.44
2005-2009        6      0.00010  0.00010  0.50   99607      10   99601  7614672  76.45
2005-2009        7      0.00011  0.00011  0.50   99596      11   99591  7515070  75.46
2005-2009        8      0.00007  0.00007  0.50   99586       7   99582  7415479  74.46
2005-2009        9      0.00009  0.00009  0.50   99579       9   99574  7315897  73.47
2005-2009       10      0.00009  0.00009  0.50   99570       9   99565  7216323  72.48
2005-2009       11      0.00009  0.00009  0.50   99561       9   99557  7116758  71.48
2005-2009       12      0.00009  0.00009  0.50   99552       9   99548  7017201  70.49
2005-2009       13      0.00009  0.00009  0.50   99543       9   99539  6917653  69.49
2005-2009       14      0.00011  0.00011  0.50   99535      11   99529  6818114  68.50
2005-2009       15      0.00013  0.00013  0.50   99524      13   99517  6718585  67.51
2005-2009       16      0.00015  0.00015  0.50   99510      15   99503  6619068  66.52
2005-2009       17      0.00015  0.00015  0.50   99496      15   99488  6519565  65.53
2005-2009       18      0.00018  0.00018  0.50   99481      17   99472  6420077  64.54
2005-2009       19      0.00026  0.00026  0.50   99464      26   99451  6320604  63.55
2005-2009       20      0.00023  0.00023  0.50   99437      23   99426  6221154  62.56
2005-2009       21      0.00033  0.00033  0.50   99415      33   99398  6121728  61.58
2005-2009       22      0.00026  0.00026  0.50   99382      26   99369  6022329  60.60
2005-2009       23      0.00033  0.00033  0.50   99356      33   99339  5922961  59.61
2005-2009       24      0.00032  0.00032  0.50   99323      32   99307  5823621  58.63
2005-2009       25      0.00037  0.00037  0.50   99290      36   99272  5724315  57.65
2005-2009       26      0.00036  0.00036  0.50   99254      36   99236  5625043  56.67
2005-2009       27      0.00040  0.00040  0.50   99218      40   99198  5525806  55.69
2005-2009       28      0.00043  0.00043  0.50   99178      43   99157  5426608  54.72
2005-2009       29      0.00045  0.00045  0.50   99136      44   99113  5327451  53.74
2005-2009       30      0.00049  0.00049  0.50   99091      49   99067  5228338  52.76
2005-2009       31      0.00055  0.00055  0.50   99043      55   99015  5129271  51.79
2005-2009       32      0.00049  0.00049  0.50   98988      49   98963  5030256  50.82
2005-2009       33      0.00051  0.00051  0.50   98939      50   98914  4931292  49.84
2005-2009       34      0.00060  0.00060  0.50   98889      59   98859  4832378  48.87
2005-2009       35      0.00067  0.00067  0.50   98830      66   98797  4733519  47.90
2005-2009       36      0.00064  0.00064  0.50   98764      63   98732  4634722  46.93
2005-2009       37      0.00069  0.00069  0.50   98701      68   98666  4535990  45.96
2005-2009       38      0.00079  0.00079  0.50   98632      78   98593  4437323  44.99
2005-2009       39      0.00077  0.00077  0.50   98554      75   98516  4338730  44.02
2005-2009       40      0.00086  0.00086  0.50   98479      85   98436  4240214  43.06
2005-2009       41      0.00094  0.00094  0.50   98394      93   98348  4141778  42.09
2005-2009       42      0.00103  0.00102  0.50   98302     101   98251  4043430  41.13
2005-2009       43      0.00101  0.00101  0.50   98201      99   98151  3945179  40.17
2005-2009       44      0.00121  0.00121  0.50   98102     119   98043  3847027  39.21
2005-2009       45      0.00130  0.00130  0.50   97983     127   97919  3748985  38.26
2005-2009       46      0.00151  0.00151  0.50   97856     148   97782  3651065  37.31
2005-2009       47      0.00165  0.00165  0.50   97708     161   97628  3553283  36.37
2005-2009       48      0.00190  0.00189  0.50   97547     185   97455  3455656  35.43
2005-2009       49      0.00198  0.00198  0.50   97362     192   97266  3358201  34.49
2005-2009       50      0.00242  0.00242  0.50   97170     235   97052  3260935  33.56
2005-2009       51      0.00261  0.00260  0.50   96935     252   96809  3163883  32.64
2005-2009       52      0.00270  0.00270  0.50   96682     261   96552  3067074  31.72
2005-2009       53      0.00309  0.00309  0.50   96421     298   96273  2970522  30.81
2005-2009       54      0.00326  0.00326  0.50   96124     313   95967  2874250  29.90
2005-2009       55      0.00372  0.00371  0.50   95811     356   95633  2778282  29.00
2005-2009       56      0.00385  0.00385  0.50   95455     367   95271  2682650  28.10
2005-2009       57      0.00438  0.00438  0.50   95088     416   94880  2587378  27.21
2005-2009       58      0.00462  0.00461  0.50   94672     436   94454  2492499  26.33
2005-2009       59      0.00503  0.00502  0.50   94235     473   93999  2398045  25.45
2005-2009       60      0.00549  0.00548  0.50   93762     514   93505  2304046  24.57
2005-2009       61      0.00639  0.00637  0.50   93248     594   92952  2210541  23.71
2005-2009       62      0.00690  0.00688  0.50   92655     637   92336  2117589  22.85
2005-2009       63      0.00781  0.00778  0.50   92017     716   91659  2025253  22.01
2005-2009       64      0.00871  0.00868  0.50   91301     792   90905  1933594  21.18
2005-2009       65      0.00969  0.00964  0.50   90509     873   90073  1842689  20.36
2005-2009       66      0.01052  0.01047  0.50   89636     938   89167  1752617  19.55
2005-2009       67      0.01142  0.01136  0.50   88698    1007   88194  1663450  18.75
2005-2009       68      0.01236  0.01228  0.50   87690    1077   87152  1575256  17.96
2005-2009       69      0.01387  0.01378  0.50   86613    1193   86017  1488104  17.18
2005-2009       70      0.01598  0.01585  0.50   85420    1354   84743  1402087  16.41
2005-2009       71      0.01770  0.01755  0.50   84066    1475   83329  1317344  15.67
2005-2009       72      0.01977  0.01958  0.50   82591    1617   81782  1234015  14.94
2005-2009       73      0.02128  0.02105  0.50   80974    1705   80121  1152233  14.23
2005-2009       74      0.02411  0.02383  0.50   79269    1889   78325  1072111  13.52
2005-2009       75      0.02750  0.02713  0.50   77380    2099   76331   993787  12.84
2005-2009       76      0.03048  0.03002  0.50   75281    2260   74151   917456  12.19
2005-2009       77      0.03367  0.03311  0.50   73021    2418   71812   843305  11.55
2005-2009       78      0.03743  0.03674  0.50   70603    2594   69306   771493  10.93
2005-2009       79      0.04194  0.04107  0.50   68009    2793   66612   702186  10.32
2005-2009       80      0.04472  0.04374  0.50   65216    2853   63789   635574   9.75
2005-2009       81      0.05110  0.04982  0.50   62363    3107   60810   571785   9.17
2005-2009       82      0.05550  0.05401  0.50   59256    3200   57656   510975   8.62
2005-2009       83      0.06532  0.06326  0.50   56056    3546   54283   453319   8.09
2005-2009       84      0.07225  0.06974  0.50   52510    3662   50679   399036   7.60
2005-2009       85      0.07972  0.07667  0.50   48848    3745   46976   348357   7.13
2005-2009       86      0.08837  0.08463  0.50   45103    3817   43194   301381   6.68
2005-2009       87      0.09891  0.09425  0.50   41286    3891   39340   258187   6.25
2005-2009       88      0.11138  0.10551  0.50   37395    3945   35422   218847   5.85
2005-2009       89      0.11932  0.11260  0.50   33449    3766   31566   183425   5.48
2005-2009       90      0.13380  0.12541  0.50   29683    3722   27822   151859   5.12
2005-2009       91      0.15056  0.14002  0.50   25960    3635   24143   124037   4.78
2005-2009       92      0.16266  0.15043  0.50   22325    3358   20646    99894   4.47
2005-2009       93      0.17639  0.16210  0.50   18967    3074   17430    79248   4.18
2005-2009       94      0.19580  0.17834  0.50   15893    2834   14475    61818   3.89
2005-2009       95      0.21570  0.19470  0.50   13058    2542   11787    47343   3.63
2005-2009       96      0.23672  0.21166  0.50   10516    2226    9403    35556   3.38
2005-2009       97      0.25927  0.22952  0.50    8290    1903    7339    26153   3.15
2005-2009       98      0.28335  0.24819  0.50    6387    1585    5595    18815   2.95
2005-2009       99      0.30892  0.26759  0.50    4802    1285    4160    13220   2.75
2005-2009      100      0.33591  0.28761  0.50    3517    1012    3011     9060   2.58
2005-2009      101      0.36421  0.30810  0.50    2506     772    2120     6049   2.41
2005-2009      102      0.39366  0.32892  0.50    1734     570    1448     3930   2.27
2005-2009      103      0.42409  0.34990  0.50    1163     407     960     2481   2.13
2005-2009      104      0.45528  0.37086  0.50     756     280     616     1521   2.01
2005-2009      105      0.48698  0.39162  0.50     476     186     383      905   1.90
2005-2009      106      0.51893  0.41202  0.50     289     119     230      523   1.81
2005-2009      107      0.55085  0.43189  0.50     170      74     133      293   1.72
2005-2009      108      0.58246  0.45109  0.50      97      44      75      159   1.65
2005-2009      109      0.61351  0.46949  0.50      53      25      41       84   1.59
2005-2009      110+     0.64374  1.00000  1.55      28      28      44       44   1.55
2010-2014        0      0.00251  0.00250  0.14  100000     250   99786  8345416  83.45
2010-2014        1      0.00028  0.00028  0.50   99750      28   99736  8245630  82.66
2010-2014        2      0.00021  0.00021  0.50   99722      21   99711  8145894  81.69
2010-2014        3      0.00017  0.00017  0.50   99700      17   99692  8046183  80.70
2010-2014        4      0.00014  0.00014  0.50   99684      14   99676  7946491  79.72
2010-2014        5      0.00012  0.00012  0.50   99669      12   99663  7846815  78.73
2010-2014        6      0.00006  0.00006  0.50   99657       6   99654  7747152  77.74
2010-2014        7      0.00011  0.00011  0.50   99651      11   99646  7647497  76.74
2010-2014        8      0.00007  0.00007  0.50   99640       7   99637  7547851  75.75
2010-2014        9      0.00008  0.00008  0.50   99634       8   99630  7448214  74.76
2010-2014       10      0.00009  0.00009  0.50   99626       9   99621  7348585  73.76
2010-2014       11      0.00010  0.00010  0.50   99617      10   99612  7248963  72.77
2010-2014       12      0.00006  0.00006  0.50   99607       6   99604  7149351  71.78
2010-2014       13      0.00013  0.00013  0.50   99601      13   99594  7049747  70.78
2010-2014       14      0.00012  0.00012  0.50   99588      12   99582  6950153  69.79
2010-2014       15      0.00013  0.00013  0.50   99576      13   99569  6850571  68.80
2010-2014       16      0.00013  0.00013  0.50   99563      13   99556  6751002  67.81
2010-2014       17      0.00014  0.00014  0.50   99550      14   99543  6651446  66.82
2010-2014       18      0.00017  0.00017  0.50   99536      17   99528  6551902  65.82
2010-2014       19      0.00022  0.00022  0.50   99519      22   99508  6452375  64.84
2010-2014       20      0.00021  0.00021  0.50   99497      21   99487  6352867  63.85
2010-2014       21      0.00026  0.00026  0.50   99476      26   99463  6253380  62.86
2010-2014       22      0.00025  0.00025  0.50   99450      25   99438  6153917  61.88
2010-2014       23      0.00026  0.00026  0.50   99426      26   99413  6054479  60.89
2010-2014       24      0.00030  0.00030  0.50   99400      30   99385  5955066  59.91
2010-2014       25      0.00025  0.00025  0.50   99370      25   99358  5855681  58.93
2010-2014       26      0.00031  0.00031  0.50   99346      31   99330  5756323  57.94
2010-2014       27      0.00031  0.00031  0.50   99315      31   99300  5656992  56.96
2010-2014       28      0.00031  0.00031  0.50   99284      30   99269  5557693  55.98
2010-2014       29      0.00032  0.00032  0.50   99254      32   99238  5458424  54.99
2010-2014       30      0.00038  0.00038  0.50   99222      37   99203  5359186  54.01
2010-2014       31      0.00038  0.00038  0.50   99185      38   99166  5259983  53.03
2010-2014       32      0.00043  0.00043  0.50   99147      43   99126  5160817  52.05
2010-2014       33      0.00044  0.00044  0.50   99104      43   99082  5061691  51.07
2010-2014       34      0.00049  0.00049  0.50   99061      49   99036  4962609  50.10
2010-2014       35      0.00052  0.00052  0.50   99012      51   98986  4863572  49.12
2010-2014       36      0.00056  0.00056  0.50   98961      55   98933  4764586  48.15
2010-2014       37      0.00065  0.00065  0.50   98906      64   98874  4665653  47.17
2010-2014       38      0.00068  0.00068  0.50   98842      67   98808  4566779  46.20
2010-2014       39      0.00079  0.00079  0.50   98775      78   98736  4467970  45.23
2010-2014       40      0.00086  0.00086  0.50   98697      85   98654  4369235  44.27
2010-2014       41      0.00090  0.00090  0.50   98612      89   98568  4270581  43.31
2010-2014       42      0.00090  0.00090  0.50   98523      88   98479  4172013  42.35
2010-2014       43      0.00106  0.00106  0.50   98435     104   98383  4073534  41.38
2010-2014       44      0.00116  0.00116  0.50   98331     114   98274  3975151  40.43
2010-2014       45      0.00131  0.00131  0.50   98217     129   98153  3876877  39.47
2010-2014       46      0.00142  0.00142  0.50   98088     139   98019  3778725  38.52
2010-2014       47      0.00143  0.00143  0.50   97949     140   97879  3680706  37.58
2010-2014       48      0.00165  0.00165  0.50   97809     162   97729  3582827  36.63
2010-2014       49      0.00192  0.00191  0.50   97648     187   97554  3485098  35.69
2010-2014       50      0.00198  0.00198  0.50   97461     193   97365  3387544  34.76
2010-2014       51      0.00235  0.00234  0.50   97268     228   97154  3290179  33.83
2010-2014       52      0.00249  0.00249  0.50   97041     242   96920  3193025  32.90
2010-2014       53      0.00261  0.00261  0.50   96799     253   96673  3096105  31.98
2010-2014       54      0.00308  0.00308  0.50   96546     297   96398  2999432  31.07
2010-2014       55      0.00333  0.00332  0.50   96249     320   96089  2903034  30.16
2010-2014       56      0.00369  0.00368  0.50   95930     353   95753  2806945  29.26
2010-2014       57      0.00407  0.00406  0.50   95576     388   95382  2711192  28.37
2010-2014       58      0.00434  0.00433  0.50   95188     412   94982  2615810  27.48
2010-2014       59      0.00488  0.00487  0.50   94776     462   94545  2520828  26.60
2010-2014       60      0.00522  0.00521  0.50   94314     491   94069  2426282  25.73
2010-2014       61      0.00576  0.00574  0.50   93823     538   93554  2332213  24.86
2010-2014       62      0.00632  0.00631  0.50   93285     588   92991  2238659  24.00
2010-2014       63      0.00676  0.00674  0.50   92697     624   92385  2145668  23.15
2010-2014       64      0.00731  0.00728  0.50   92072     671   91737  2053284  22.30
2010-2014       65      0.00759  0.00756  0.50   91402     691   91056  1961547  21.46
2010-2014       66      0.00902  0.00897  0.50   90711     814   90304  1870491  20.62
2010-2014       67      0.00997  0.00992  0.50   89897     891   89451  1780187  19.80
2010-2014       68      0.01124  0.01117  0.50   89005     995   88508  1690736  19.00
2010-2014       69      0.01246  0.01238  0.50   88011    1090   87466  1602228  18.20
2010-2014       70      0.01389  0.01380  0.50   86921    1199   86321  1514762  17.43
2010-2014       71      0.01551  0.01539  0.50   85722    1319   85062  1428441  16.66
2010-2014       72      0.01663  0.01649  0.50   84402    1392   83706  1343379  15.92
2010-2014       73      0.01810  0.01794  0.50   83010    1489   82266  1259673  15.17
2010-2014       74      0.02034  0.02014  0.50   81521    1641   80700  1177407  14.44
2010-2014       75      0.02217  0.02193  0.50   79880    1752   79004  1096707  13.73
2010-2014       76      0.02564  0.02531  0.50   78128    1978   77139  1017703  13.03
2010-2014       77      0.02886  0.02845  0.50   76150    2167   75067   940564  12.35
2010-2014       78      0.03125  0.03077  0.50   73983    2276   72845   865498  11.70
2010-2014       79      0.03622  0.03557  0.50   71707    2551   70432   792652  11.05
2010-2014       80      0.03947  0.03871  0.50   69156    2677   67818   722221  10.44
2010-2014       81      0.04500  0.04401  0.50   66479    2925   65017   654403   9.84
2010-2014       82      0.04921  0.04802  0.50   63554    3052   62028   589386   9.27
2010-2014       83      0.05361  0.05221  0.50   60502    3159   58922   527358   8.72
2010-2014       84      0.05929  0.05758  0.50   57343    3302   55692   468436   8.17
2010-2014       85      0.06503  0.06298  0.50   54041    3404   52339   412744   7.64
2010-2014       86      0.07599  0.07321  0.50   50638    3707   48784   360404   7.12
2010-2014       87      0.08404  0.08065  0.50   46931    3785   45038   311620   6.64
2010-2014       88      0.09643  0.09200  0.50   43146    3969   41161   266582   6.18
2010-2014       89      0.10696  0.10153  0.50   39176    3978   37188   225421   5.75
2010-2014       90      0.12138  0.11443  0.50   35199    4028   33185   188233   5.35
2010-2014       91      0.13640  0.12769  0.50   31171    3980   29181   155048   4.97
2010-2014       92      0.15164  0.14095  0.50   27191    3832   25274   125867   4.63
2010-2014       93      0.16703  0.15416  0.50   23358    3601   21558   100593   4.31
2010-2014       94      0.18989  0.17342  0.50   19757    3426   18044    79035   4.00
2010-2014       95      0.20376  0.18492  0.50   16331    3020   14821    60991   3.73
2010-2014       96      0.22545  0.20261  0.50   13311    2697   11963    46170   3.47
2010-2014       97      0.24887  0.22133  0.50   10614    2349    9440    34207   3.22
2010-2014       98      0.27401  0.24099  0.50    8265    1992    7269    24767   3.00
2010-2014       99      0.30082  0.26149  0.50    6273    1640    5453    17498   2.79
2010-2014      100      0.32922  0.28268  0.50    4633    1310    3978    12045   2.60
2010-2014      101      0.35907  0.30442  0.50    3323    1012    2817     8068   2.43
2010-2014      102      0.39021  0.32651  0.50    2312     755    1934     5250   2.27
2010-2014      103      0.42241  0.34875  0.50    1557     543    1285     3316   2.13
2010-2014      104      0.45543  0.37096  0.50    1014     376     826     2031   2.00
2010-2014      105      0.48898  0.39292  0.50     638     251     512     1205   1.89
2010-2014      106      0.52275  0.41443  0.50     387     160     307      692   1.79
2010-2014      107      0.55642  0.43531  0.50     227      99     177      385   1.70
2010-2014      108      0.58968  0.45541  0.50     128      58      99      208   1.63
2010-2014      109      0.62223  0.47458  0.50      70      33      53      109   1.57
2010-2014      110+     0.65379  1.00000  1.53      37      37      56       56   1.53
2015-2019        0      0.00170  0.00170  0.15  100000     170   99855  8469831  84.70
2015-2019        1      0.00016  0.00016  0.50   99830      16   99822  8369976  83.84
2015-2019        2      0.00013  0.00013  0.50   99814      13   99808  8270154  82.86
2015-2019        3      0.00013  0.00013  0.50   99801      13   99795  8170346  81.87
2015-2019        4      0.00011  0.00011  0.50   99789      11   99783  8070551  80.88
2015-2019        5      0.00006  0.00006  0.50   99778       6   99775  7970768  79.89
2015-2019        6      0.00009  0.00009  0.50   99772       9   99767  7870993  78.89
2015-2019        7      0.00006  0.00006  0.50   99763       6   99760  7771226  77.90
2015-2019        8      0.00007  0.00007  0.50   99757       7   99753  7671466  76.90
2015-2019        9      0.00006  0.00006  0.50   99750       6   99747  7571713  75.91
2015-2019       10      0.00007  0.00007  0.50   99744       7   99740  7471966  74.91
2015-2019       11      0.00007  0.00007  0.50   99737       7   99733  7372226  73.92
2015-2019       12      0.00010  0.00010  0.50   99729      10   99724  7272493  72.92
2015-2019       13      0.00009  0.00009  0.50   99719       9   99715  7172769  71.93
2015-2019       14      0.00011  0.00011  0.50   99710      11   99705  7073054  70.94
2015-2019       15      0.00015  0.00015  0.50   99699      15   99692  6973349  69.94
2015-2019       16      0.00012  0.00012  0.50   99684      12   99678  6873657  68.95
2015-2019       17      0.00017  0.00017  0.50   99672      17   99664  6773979  67.96
2015-2019       18      0.00021  0.00021  0.50   99655      21   99645  6674315  66.97
2015-2019       19      0.00023  0.00023  0.50   99635      23   99623  6574670  65.99
2015-2019       20      0.00023  0.00023  0.50   99612      23   99600  6475047  65.00
2015-2019       21      0.00025  0.00025  0.50   99589      25   99576  6375447  64.02
2015-2019       22      0.00025  0.00025  0.50   99564      24   99551  6275870  63.03
2015-2019       23      0.00024  0.00024  0.50   99539      24   99527  6176319  62.05
2015-2019       24      0.00026  0.00026  0.50   99515      26   99503  6076792  61.06
2015-2019       25      0.00027  0.00027  0.50   99490      27   99476  5977289  60.08
2015-2019       26      0.00030  0.00030  0.50   99463      30   99448  5877813  59.10
2015-2019       27      0.00030  0.00030  0.50   99433      30   99418  5778365  58.11
2015-2019       28      0.00029  0.00029  0.50   99403      29   99388  5678948  57.13
2015-2019       29      0.00030  0.00030  0.50   99373      30   99358  5579560  56.15
2015-2019       30      0.00031  0.00031  0.50   99343      31   99328  5480202  55.16
2015-2019       31      0.00037  0.00037  0.50   99312      37   99294  5380874  54.18
2015-2019       32      0.00040  0.00040  0.50   99275      39   99256  5281580  53.20
2015-2019       33      0.00036  0.00036  0.50   99236      36   99218  5182324  52.22
2015-2019       34      0.00047  0.00047  0.50   99200      46   99177  5083106  51.24
2015-2019       35      0.00045  0.00045  0.50   99154      45   99132  4983929  50.26
2015-2019       36      0.00047  0.00047  0.50   99109      47   99086  4884797  49.29
2015-2019       37      0.00054  0.00054  0.50   99062      54   99035  4785711  48.31
2015-2019       38      0.00062  0.00062  0.50   99008      61   98978  4686676  47.34
2015-2019       39      0.00065  0.00065  0.50   98947      64   98915  4587698  46.37
2015-2019       40      0.00081  0.00081  0.50   98883      80   98843  4488783  45.39
2015-2019       41      0.00086  0.00086  0.50   98803      85   98760  4389940  44.43
2015-2019       42      0.00099  0.00099  0.50   98718      98   98669  4291180  43.47
2015-2019       43      0.00109  0.00109  0.50   98620     107   98566  4192511  42.51
2015-2019       44      0.00117  0.00117  0.50   98513     115   98455  4093944  41.56
2015-2019       45      0.00121  0.00121  0.50   98398     119   98338  3995489  40.61
2015-2019       46      0.00121  0.00121  0.50   98278     119   98219  3897151  39.65
2015-2019       47      0.00148  0.00148  0.50   98159     145   98087  3798932  38.70
2015-2019       48      0.00171  0.00171  0.50   98014     167   97931  3700845  37.76
2015-2019       49      0.00180  0.00180  0.50   97847     176   97759  3602914  36.82
2015-2019       50      0.00200  0.00200  0.50   97671     195   97573  3505155  35.89
2015-2019       51      0.00220  0.00220  0.50   97476     214   97369  3407582  34.96
2015-2019       52      0.00232  0.00232  0.50   97262     226   97149  3310213  34.03
2015-2019       53      0.00260  0.00260  0.50   97036     252   96910  3213065  33.11
2015-2019       54      0.00295  0.00295  0.50   96783     286   96641  3116155  32.20
2015-2019       55      0.00303  0.00303  0.50   96498     292   96352  3019514  31.29
2015-2019       56      0.00331  0.00330  0.50   96206     317   96047  2923162  30.38
2015-2019       57      0.00382  0.00381  0.50   95888     366   95706  2827115  29.48
2015-2019       58      0.00411  0.00410  0.50   95523     392   95327  2731409  28.59
2015-2019       59      0.00443  0.00442  0.50   95131     420   94921  2636082  27.71
2015-2019       60      0.00502  0.00501  0.50   94711     475   94474  2541161  26.83
2015-2019       61      0.00531  0.00530  0.50   94236     499   93987  2446688  25.96
2015-2019       62      0.00589  0.00587  0.50   93737     550   93462  2352701  25.10
2015-2019       63      0.00650  0.00648  0.50   93187     604   92885  2259239  24.24
2015-2019       64      0.00695  0.00692  0.50   92583     641   92263  2166354  23.40
2015-2019       65      0.00769  0.00766  0.50   91943     705   91590  2074091  22.56
2015-2019       66      0.00851  0.00847  0.50   91238     773   90852  1982501  21.73
2015-2019       67      0.00905  0.00901  0.50   90465     815   90058  1891649  20.91
2015-2019       68      0.00985  0.00980  0.50   89650     879   89211  1801591  20.10
2015-2019       69      0.01058  0.01052  0.50   88772     934   88305  1712380  19.29
2015-2019       70      0.01158  0.01152  0.50   87838    1012   87332  1624075  18.49
2015-2019       71      0.01301  0.01293  0.50   86826    1122   86265  1536743  17.70
2015-2019       72      0.01501  0.01489  0.50   85704    1277   85066  1450478  16.92
2015-2019       73      0.01647  0.01633  0.50   84427    1379   83738  1365413  16.17
2015-2019       74      0.01875  0.01857  0.50   83048    1542   82277  1281675  15.43
2015-2019       75      0.02073  0.02052  0.50   81506    1672   80670  1199397  14.72
2015-2019       76      0.02275  0.02249  0.50   79834    1796   78936  1118728  14.01
2015-2019       77      0.02448  0.02419  0.50   78038    1887   77094  1039792  13.32
2015-2019       78      0.02744  0.02707  0.50   76151    2061   75120   962697  12.64
2015-2019       79      0.03112  0.03064  0.50   74090    2270   72954   887577  11.98
2015-2019       80      0.03505  0.03444  0.50   71819    2474   70582   814623  11.34
2015-2019       81      0.03840  0.03768  0.50   69345    2613   68039   744040  10.73
2015-2019       82      0.04386  0.04292  0.50   66733    2864   65301   676001  10.13
2015-2019       83      0.04941  0.04822  0.50   63869    3080   62329   610700   9.56
2015-2019       84      0.05450  0.05306  0.50   60789    3225   59176   548371   9.02
2015-2019       85      0.06109  0.05928  0.50   57564    3412   55858   489195   8.50
2015-2019       86      0.06749  0.06528  0.50   54151    3535   52384   433337   8.00
2015-2019       87      0.07307  0.07050  0.50   50616    3568   48832   380953   7.53
2015-2019       88      0.07960  0.07655  0.50   47048    3601   45247   332121   7.06
2015-2019       89      0.08756  0.08388  0.50   43447    3644   41624   286874   6.60
2015-2019       90      0.09582  0.09144  0.50   39802    3640   37982   245250   6.16
2015-2019       91      0.10864  0.10304  0.50   36162    3726   34299   207268   5.73
2015-2019       92      0.12224  0.11520  0.50   32436    3737   30568   172968   5.33
2015-2019       93      0.13691  0.12814  0.50   28700    3677   26861   142400   4.96
2015-2019       94      0.15663  0.14526  0.50   25022    3635   23205   115539   4.62
2015-2019       95      0.16929  0.15608  0.50   21388    3338   19718    92334   4.32
2015-2019       96      0.18677  0.17082  0.50   18049    3083   16508    72616   4.02
2015-2019       97      0.20572  0.18653  0.50   14966    2792   13570    56108   3.75
2015-2019       98      0.22621  0.20322  0.50   12175    2474   10937    42538   3.49
2015-2019       99      0.24825  0.22084  0.50    9700    2142    8629    31600   3.26
2015-2019      100      0.27186  0.23933  0.50    7558    1809    6654    22971   3.04
2015-2019      101      0.29700  0.25860  0.50    5749    1487    5006    16317   2.84
2015-2019      102      0.32361  0.27854  0.50    4263    1187    3669    11311   2.65
2015-2019      103      0.35160  0.29903  0.50    3075     920    2615     7642   2.49
2015-2019      104      0.38082  0.31991  0.50    2156     690    1811     5027   2.33
2015-2019      105      0.41111  0.34102  0.50    1466     500    1216     3216   2.19
2015-2019      106      0.44226  0.36217  0.50     966     350     791     2000   2.07
2015-2019      107      0.47402  0.38320  0.50     616     236     498     1209   1.96
2015-2019      108      0.50614  0.40392  0.50     380     154     303      711   1.87
2015-2019      109      0.53833  0.42416  0.50     227      96     179      407   1.80
2015-2019      110+     0.57031  1.00000  1.75     130     130     229      229   1.75
